"Sol";"Site";"Profondeur";"pH";"Eau";"Av.P";"C";"N";"NO3";"NH4";"Exc.Ac";"Exc.Al";"Exc.Ca";"Exc.Mg";"Exc.K";"Exc.Na";"Exc.Cations";"SatBase";"Argile";"Limon";"Sable"
"Grès";"292-23_I";"Superficiel";4.72;3.49;4.28;1.26;0.11;0;6.71;4.97;4.07;0.15;0.25;0.24;0.07;5.68;12.5;27;10;63
"Alluvial";"292-11_A";"Superficiel";4.56;2.76;7.02;0.91;0.12;10.13;2.43;3.96;3.6;0.32;0.18;0.21;0.06;4.73;16.36;27;19;54
"Alluvial";"292-11_A";"Profond";4.91;3.39;1.75;0.3;0.06;1.84;2.17;5.8;5.33;0.15;0.2;0.15;0.05;6.35;8.69;31;16;52
"Alluvial";"292-11_A";"Intermediaire";4.6;2.84;4.67;0.58;0.09;4.87;2.52;5.09;4.63;0.17;0.21;0.15;0.05;5.68;10.29;27;19;54
"Alluvial";"292-11_B";"Superficiel";4.67;3.39;4.54;0.96;0.14;1.84;3.39;4.14;3.83;0.91;0.87;0.16;0.06;6.14;32.53;33;24;43
"Alluvial";"292-11_B";"Profond";4.81;4.28;0.7;0.38;0.08;6.51;0.66;8.25;7.65;0.2;1.2;0.17;0.06;9.89;16.53;43;26;31
"Alluvial";"292-11_B";"Intermediaire";4.63;3.77;1.84;0.61;0.1;10.83;0.75;6.23;5.72;0.33;0.86;0.12;0.06;7.61;18.06;33;24;43
"Alluvial";"292-11_H";"Superficiel";4.84;4.12;4.2;0.96;0.12;2.95;3.21;5.48;4.95;1.42;1.79;0.22;0.07;8.98;39.02;37;32;31
"Alluvial";"292-11_H";"Profond";4.57;4.98;0.88;0.47;0.08;7.33;2;7.84;7.68;0.3;1.98;0.16;0.06;10.35;24.21;45;25;30
"Alluvial";"292-11_H";"Intermediaire";4.74;4.58;2.39;0.67;0.11;9.27;2.16;6.92;6.44;0.67;1.49;0.17;0.07;9.31;25.74;37;32;31
"Alluvial";"292-11_M";"Superficiel";4.57;3.9;6.82;1.25;0.15;11.58;13.39;5.05;4.63;0.87;1.61;0.19;0.08;7.79;35.2;37;24;39
"Alluvial";"292-11_M";"Profond";4.86;4.51;2.16;0.52;0.08;3.46;3.99;8.43;7.75;0.11;1.09;0.15;0.08;9.86;14.53;42;29;30
"Alluvial";"292-11_M";"Intermediaire";4.66;4.34;2.85;0.67;0.09;6.32;3.61;7.21;6.64;0.21;0.92;0.14;0.07;8.55;15.63;37;24;39
"Alluvial";"292-11_N";"Superficiel";4.67;4.41;3.22;0.94;0.13;9.85;1.3;7.17;6.49;0.69;1.6;0.22;0.06;9.74;26.4;46;25;29
"Alluvial";"292-11_N";"Profond";4.88;5.58;0.79;0.42;0.1;3.85;2.7;8.58;7.92;0.5;2.82;0.19;0.07;12.16;29.45;53;22;25
"Alluvial";"292-11_N";"Intermediaire";3.98;4.57;2.26;0.79;0.11;7.62;1.61;7.65;6.92;0.43;1.56;0.2;0.07;9.91;22.81;46;25;29
"Alluvial";"292-11_O";"Superficiel";4.69;3.95;8.2;1.64;0.18;16.79;1.29;3.64;3.28;1.19;2.21;0.42;0.05;7.51;51.46;37;23;40
"Alluvial";"292-11_O";"Profond";4.84;5.47;0.38;0.39;0.1;2.2;1.43;8.83;7.99;0.13;1.92;0.16;0.07;11.12;20.56;50;27;23
"Alluvial";"292-11_O";"Intermediaire";4.69;4.83;2.01;0.65;0.11;6.83;0.51;5.99;5.54;0.22;1.87;0.16;0.05;8.28;27.71;37;23;40
"Alluvial";"292-11_R";"Superficiel";5.05;5.13;7.66;2.09;0.25;15.63;10.26;1.21;0.98;6.7;5;0.56;0.07;13.54;91.05;47;37;15
"Alluvial";"292-11_R";"Profond";4.17;5.8;1;0.54;0.11;2.88;2.71;8.65;8.17;0.35;5.33;0.45;0.08;14.87;41.82;53;32;15
"Alluvial";"292-11_R";"Intermediaire";4.34;5.1;2.51;0.86;0.13;5.46;3.13;7.01;6.48;0.92;3.64;0.41;0.07;12.04;41.8;47;37;15
"Alluvial";"292-12_M";"Superficiel";3.99;5.04;9.06;2.88;0.25;22.51;7.61;4.32;4.16;1.57;2.2;0.27;0.06;8.41;48.67;36;38;26
"Alluvial";"292-12_M";"Profond";4.79;4.37;0.92;0.41;0.06;3.5;1.7;6.33;5.96;0.16;1.73;0.13;0.05;8.39;24.58;40;29;31
"Alluvial";"292-12_M";"Intermediaire";4.54;4.48;2.42;0.76;0.11;9.61;1.8;5.81;5.34;0.23;1.79;0.16;0.05;8.03;27.67;36;38;26
"Alluvial";"292-12_P";"Superficiel";4.43;4.05;14.84;2.15;0.21;21.89;13.01;4.22;3.65;0.58;1.44;0.37;0.08;6.7;37.01;28;33;38
"Alluvial";"292-12_P";"Profond";4.99;3.06;0.76;0.23;0.05;1.43;1.28;5.21;4.49;0.03;0.31;0.07;0.06;5.68;8.22;31;30;39
"Alluvial";"292-12_P";"Intermediaire";4.53;3.41;2.66;0.68;0.1;6.65;1.65;5.15;4.66;0.07;0.23;0.14;0.04;5.64;8.7;28;33;38
"Alluvial";"292-12_T";"Superficiel";4.33;5.21;9.94;2.54;0.26;23.6;2.28;4.04;3.32;3.5;2.03;0.51;0.07;10.14;60.21;49;28;23
"Alluvial";"292-12_T";"Profond";4.7;5.68;1.13;0.44;0.09;3.01;2.31;9.25;9.01;0.34;2.58;0.19;0.05;12.42;25.5;47;34;20
"Alluvial";"292-12_T";"Intermediaire";4.53;5.47;2.56;0.83;0.14;7.81;0.76;7.3;6.45;1.9;1.64;0.2;0.06;11.09;34.19;49;28;23
"Alluvial";"292-12_U";"Superficiel";4.35;3.07;13.84;1.64;0.18;9.05;5.65;2.97;2.37;1.05;0.22;0.14;0.03;4.4;32.55;18;12;70
"Alluvial";"292-12_U";"Profond";4.85;1.76;0.91;0.19;0.04;4.86;1.81;2.9;2.65;0.08;0.16;0.06;0.04;3.24;10.47;18;13;69
"Alluvial";"292-12_U";"Intermediaire";4.71;1.95;3.86;0.42;0.07;1.27;3.38;2.65;2.29;0.26;0.09;0.07;0.03;3.1;14.53;18;12;70
"Alluvial";"292-12_W";"Superficiel";4.33;6.57;8.27;2.55;0.28;15.86;2.35;8.13;7.28;1.41;2.18;0.42;0.07;12.22;33.42;47;33;20
"Alluvial";"292-12_W";"Profond";4.46;5.82;1.31;0.76;0.13;3.16;3.94;10.57;9.72;0.17;1.92;0.27;0.07;12.98;18.61;52;31;16
"Alluvial";"292-12_W";"Intermediaire";4.57;5.85;3.33;1.03;0.16;7.11;1.39;9.08;8.18;0.27;1.59;0.25;0.08;11.27;19.45;47;33;20
"Alluvial";"292-12_Y";"Superficiel";4.25;3.99;11.78;1.59;0.17;13.83;1.38;5.29;4.74;0.27;1.1;0.41;0.06;7.13;25.87;38;26;36
"Alluvial";"292-12_Y";"Profond";4.72;3.54;1.03;0.33;0.06;2.83;3;6.63;6.12;0.06;0.26;0.12;0.05;7.12;6.88;34;29;37
"Alluvial";"292-12_Y";"Intermediaire";4.38;4.11;3.22;0.75;0.12;6.72;1.5;7.2;6.31;0.06;0.36;0.16;0.04;7.83;8.07;38;26;36
"Alluvial";"292-13_K";"Superficiel";4.32;3.68;6.67;1.65;0.19;11.59;4.44;5.04;4.36;0.89;0.3;0.17;0.03;6.44;21.79;35;32;34
"Alluvial";"292-13_K";"Profond";4.64;4.1;1.33;0.23;0.06;0.56;1.52;7.19;6.46;0.08;0.45;0.09;0.05;7.87;8.61;35;30;35
"Alluvial";"292-13_K";"Intermediaire";4.58;4.02;3.03;0.62;0.11;2.5;2.32;6.98;6.2;0.15;0.22;0.11;0.04;7.5;6.96;35;32;34
"Alluvial";"292-13_P";"Superficiel";4.32;5.29;7.6;2.05;0.24;16.22;0.87;8.02;7.23;1.21;0.64;0.22;0.05;10.15;20.96;42;27;31
"Alluvial";"292-13_P";"Profond";4.5;5.7;1.18;0.61;0.1;0;0;9.01;8.06;0.32;1.67;0.21;0.07;11.28;20.12;46;30;25
"Alluvial";"292-13_P";"Intermediaire";4.4;5.04;3.44;0.98;0.15;5.84;1.6;8.27;7.27;0.29;0.79;0.17;0.06;9.57;13.6;42;27;31
"Alluvial";"292-13_U";"Superficiel";4.43;3.92;9.82;2;0.23;11.73;8.48;3.54;2.91;0.78;1.78;0.41;0.08;6.59;46.32;29;47;24
"Alluvial";"292-13_U";"Profond";4.68;3.33;0.6;0.25;0.06;2.38;2.42;5.48;4.24;0.06;1.16;0.16;0.06;6.93;20.85;33;46;21
"Alluvial";"292-13_U";"Intermediaire";4.68;4.67;1.93;0.59;0.09;3.21;3.62;4.41;4.09;0.08;1.49;0.23;0.06;6.26;29.63;29;47;24
"Alluvial";"292-14_I";"Superficiel";3.93;2.73;11.31;1.56;0.17;16.24;1.92;3.6;2.98;0.35;0.15;0.15;0.03;4.28;15.91;23;18;59
"Alluvial";"292-14_I";"Profond";4.62;2.2;0.81;0.14;0.04;2.25;1.35;4.09;3.89;0.05;0.23;0.04;0.07;4.48;8.63;23;25;52
"Alluvial";"292-14_I";"Intermediaire";3.9;1.98;3.55;0.57;0.09;4.31;2.9;3.01;2.6;0.08;0.17;0.08;0.03;3.37;10.78;23;18;59
"Alluvial";"292-14_R";"Superficiel";4.78;5.27;8.62;2.67;0.25;17.07;7.31;2.8;2.27;6.26;4.47;0.51;0.07;14.11;80.17;46;34;20
"Alluvial";"292-14_R";"Profond";3.82;6.06;1.81;0.84;0.13;6.28;2.74;10.38;9.15;0.4;1.58;0.2;0.06;12.62;17.74;48;35;16
"Alluvial";"292-14_R";"Intermediaire";3.72;5.46;3.27;1.27;0.17;11.66;1.43;8.36;7.56;1.06;2.02;0.21;0.05;11.71;28.62;46;34;20
"Alluvial";"292-14_S";"Superficiel";4.76;6.18;6.08;3.03;0.24;17.17;3.66;1.12;0.96;13.49;2.22;0.37;0.1;17.3;93.53;43;38;20
"Alluvial";"292-14_S";"Profond";4.51;5.97;1.39;0.82;0.13;4.16;2.31;9.17;8.46;1.31;1.85;0.19;0.08;12.6;27.17;46;36;18
"Alluvial";"292-14_S";"Intermediaire";3.82;5.18;2.82;1.26;0.15;8.59;1.7;7.22;6.59;3.17;1.18;0.18;0.08;11.84;38.98;43;38;20
"Alluvial";"292-14_X";"Superficiel";4.58;4.82;6.48;2.35;0.27;12.52;7.44;4.1;3.78;3.45;3.79;0.24;0.07;11.64;64.8;49;31;21
"Alluvial";"292-14_X";"Profond";4.66;5.71;1.02;0.59;0.11;2.18;1.8;9.23;8.33;0.14;2.46;0.16;0.06;12.03;23.33;51;27;22
"Alluvial";"292-14_X";"Intermediaire";4.36;4.96;2.2;0.88;0.14;6.23;1.31;8.26;7.47;0.36;1.96;0.17;0.06;10.81;23.6;49;31;21
"Grès";"292-21_K";"Superficiel";4.47;1.87;7.28;1.09;0.08;1.46;7.37;2.96;2.39;0.05;0.09;0.1;0.03;3.23;8.47;18;10;73
"Grès";"292-21_K";"Profond";4.79;1.11;1.56;0.3;0.03;0.83;2.34;1.72;1.52;0.02;0;0.04;0.01;1.8;4.24;20;9;72
"Grès";"292-21_K";"Intermediaire";4.77;1.29;4.75;0.68;0.05;1.08;3.46;2.08;1.67;0.03;0.01;0.04;0.03;2.19;4.99;18;10;73
"Grès";"292-21_Q";"Superficiel";4.36;3.08;3.86;1.68;0.11;0.18;8.33;4.85;3.82;0.1;0.3;0.12;0.07;5.45;10.97;29;14;57
"Grès";"292-21_Q";"Profond";4.39;3.22;0.77;0.38;0.05;0.14;2.97;5.68;4.86;0.02;0.07;0.05;0.03;5.85;2.87;32;9;58
"Grès";"292-21_Q";"Intermediaire";3.98;2.91;1.07;0.62;0.07;0.63;4.19;5.61;4.74;0.04;0.13;0.08;0.04;5.9;4.85;29;14;57
"Grès";"292-21_T";"Superficiel";4.52;1.91;6.86;0.97;0.08;1.46;7.39;2.5;1.89;0.1;0.3;0.13;0.04;3.05;18.15;9;21;70
"Grès";"292-21_T";"Profond";4.87;1.54;1.14;0.26;0.03;0.29;2.34;2.29;1.83;0;0.06;0.04;0.07;2.45;6.87;19;13;69
"Grès";"292-21_T";"Intermediaire";4.77;1.35;3.34;0.55;0.05;0.65;3.89;2.28;1.72;0.02;0.11;0.05;0.05;2.5;8.94;9;21;70
"Grès";"292-21_V";"Superficiel";4.66;2.2;3.71;1.17;0.1;0.36;7.81;3.37;2.61;0.03;0.28;0.17;0.06;3.92;13.9;22;15;63
"Grès";"292-21_V";"Profond";4.93;2.71;0.7;0.2;0.04;0.27;2.19;4.93;4.19;0;0.17;0.07;0.05;5.22;5.45;34;12;54
"Grès";"292-21_V";"Intermediaire";4.8;2.44;2.31;0.72;0.06;0.43;4.97;3.59;2.87;0.02;0.18;0.09;0.07;3.94;8.92;22;15;63
"Grès";"292-21_Y";"Superficiel";4.63;3.73;3.8;1.59;0.11;0.17;9.46;3.22;2.55;0.03;0.28;0.13;0.07;3.73;13.63;20;8;72
"Grès";"292-21_Y";"Profond";4.94;2.04;2.43;0.45;0.04;0.64;3.18;2.45;1.97;0;0.03;0.03;0.04;2.55;3.81;30;24;46
"Grès";"292-21_Y";"Intermediaire";4.84;2.15;3.08;0.82;0.07;1.01;4.41;2.43;1.81;0.02;0.1;0.09;0.04;2.67;9.24;20;8;72
"Grès";"292-22_D";"Superficiel";4.71;2.37;3.89;1.19;0.08;0.4;5.73;3.51;2.82;0.08;0.33;0.11;0.09;4.13;15;27;13;60
"Grès";"292-22_D";"Profond";4.88;3.36;0.78;0.26;0.04;0.39;2.51;6.36;5.43;0;0.2;0.08;0.07;6.71;5.23;33;13;54
"Grès";"292-22_D";"Intermediaire";4.88;2.65;1.99;0.56;0.05;0.35;3.59;4.34;3.6;0.02;0.27;0.09;0.09;4.81;9.79;27;13;60
"Grès";"292-22_J";"Superficiel";4.94;2.31;5.13;0.97;0.08;0.35;8.37;2.82;2.25;0.03;0.19;0.16;0.08;3.28;14.2;19;7;74
"Grès";"292-22_J";"Profond";5.11;1.81;2.49;0.26;0.03;0.29;2.58;2.95;2.37;0;0.06;0.06;0.07;3.14;6.05;21;11;68
"Grès";"292-22_J";"Intermediaire";4.96;1.76;3.29;0.63;0.06;0.45;5.5;2.6;2.06;0.03;0.11;0.11;0.07;2.92;11.02;19;7;74
"Grès";"292-22_N";"Superficiel";4.31;6.35;5.48;2.15;0.15;0.8;8.98;5.82;4.83;0.1;0.09;0.26;0.1;6.37;8.59;33;10;58
"Grès";"292-22_N";"Profond";4.91;3.61;1.84;0.47;0.07;0.06;3.82;6.28;5.42;0.02;0.24;0.15;0.1;6.79;7.53;29;17;53
"Grès";"292-22_N";"Intermediaire";4.81;3.49;3.73;1.15;0.09;0.35;4.88;6.22;5.34;0.03;0.24;0.17;0.08;6.74;7.8;33;10;58
"Grès";"292-23_D";"Superficiel";4.82;2.8;3.27;1.38;0.09;0.2;6.43;3.86;3.09;0.05;0.22;0.14;0.09;4.36;11.5;21;17;62
"Grès";"292-23_D";"Profond";4.79;3.2;0.54;0.44;0.04;0.4;3.5;5.27;4.34;0;0.12;0.05;0.06;5.5;4.15;25;17;58
"Grès";"292-23_D";"Intermediaire";4.75;2.69;1.67;0.8;0.05;0.36;4.96;3.9;3.13;0.03;0.15;0.11;0.06;4.25;8.17;21;17;62
"Grès";"292-23_H";"Superficiel";4.74;3.85;3.39;1.15;0.1;1.07;4.47;5.15;4.26;0.05;0.33;0.15;0.08;5.76;10.66;27;17;57
"Grès";"292-23_H";"Profond";4.85;3.67;1.11;0.45;0.05;0.49;2.99;5.5;4.67;0;0.16;0.08;0.06;5.8;5.18;36;13;51
"Grès";"292-23_H";"Intermediaire";4.85;3.6;2.34;0.72;0.06;0.65;3.63;5.58;4.51;0.04;0.19;0.1;0.09;5.99;6.96;27;17;57
"Grès";"292-23_I";"Profond";4.9;3.24;0.77;0.3;0.05;0.07;1.05;5.84;5.01;0;0.15;0.14;0.08;6.2;5.89;25;15;59
"Grès";"292-23_I";"Intermediaire";4.77;3.42;2.89;0.73;0.07;0.06;4.66;4.97;4.06;0.09;0.27;0.23;0.09;5.65;12.04;27;10;63
"Grès";"292-23_O";"Superficiel";4.77;3.75;4.73;1.15;0.1;0.13;10.3;3.84;2.96;0.28;0.4;0.24;0.09;4.85;20.8;17;17;66
"Grès";"292-23_O";"Profond";5.17;2.42;1.62;0.28;0.04;0.11;2.97;3.51;2.87;0;0.17;0.08;0.06;3.82;8.18;19;15;66
"Grès";"292-23_O";"Intermediaire";5.07;2.64;4.06;0.63;0.06;0.17;3;3.8;2.98;0.03;0.09;0.12;0.1;4.14;8.22;17;17;66
"Grès";"292-23_P";"Superficiel";4.75;3.17;3.5;1.2;0.1;0;7.46;3.9;3.15;0.04;0.21;0.14;0.08;4.37;10.81;22;10;68
"Grès";"292-23_P";"Profond";5.02;2.62;0.81;0.36;0.04;0;3.41;4.06;3.18;0.01;0.12;0.05;0.04;4.28;5.18;23;17;60
"Grès";"292-23_P";"Intermediaire";4.89;2.76;2.58;0.85;0.08;0.03;5.04;3.6;2.93;0.01;0.15;0.08;0.06;3.9;7.63;22;10;68
"Grès";"292-23_S";"Superficiel";4.52;4.71;3.35;1.62;0.12;0.52;9.08;6.51;5.46;0.1;0.31;0.17;0.1;7.19;9.45;29;17;54
"Grès";"292-23_S";"Profond";4.87;3.86;1.12;0.46;0.05;0.36;4.92;6.19;5.41;0;0.27;0.12;0.06;6.64;6.75;29;21;50
"Grès";"292-23_S";"Intermediaire";4.83;3.71;1.89;0.79;0.07;0.52;3.33;6.13;5.3;0.02;0.34;0.13;0.06;6.66;8.03;29;17;54
"Grès";"292-23_T";"Superficiel";4.74;2.77;3.49;1.15;0.09;0;7.06;3.39;2.78;0.03;0.16;0.09;0.04;3.72;8.76;20;21;58
"Grès";"292-23_T";"Profond";4.76;2.45;1.24;0.4;0.03;0;1.95;3.28;2.72;0.02;0.06;0.06;0.05;3.48;5.86;22;15;63
"Grès";"292-23_T";"Intermediaire";4.99;2.65;1.71;0.73;0.06;0;4.18;3.42;2.93;0.01;0.08;0.06;0.05;3.61;5.5;20;21;58
"Grès";"292-23_W";"Superficiel";3.75;3.32;3.41;1.37;0.12;0;7.08;4.29;3.47;0.06;0.54;0.25;0.06;5.21;17.62;25;11;64
"Grès";"292-23_W";"Profond";4.97;3.32;0.75;0.31;0.04;0;1.93;4.96;4.24;0;0.21;0.08;0.03;5.29;6.15;32;10;57
"Grès";"292-23_W";"Intermediaire";4.83;2.66;1.86;0.84;0.08;0;5.08;4.31;3.57;0.02;0.33;0.1;0.07;4.83;10.69;25;11;64
"Grès";"292-24_A";"Superficiel";4.54;3.54;3.27;1.34;0.1;0.27;11.22;5.57;4.64;0.07;0.33;0.17;0.06;6.2;10.17;27;26;46
"Grès";"292-24_A";"Profond";4.69;3.48;0.76;0.35;0.03;0.39;4.81;6.89;5.88;0;0.17;0.1;0.04;7.2;4.34;31;25;44
"Grès";"292-24_A";"Intermediaire";4.63;3.98;1.51;0.76;0.07;0.24;2.89;6.46;5.49;0.01;0.23;0.11;0.03;6.84;5.66;27;26;46
"Grès";"292-24_M";"Superficiel";4.24;3.31;3.98;2.26;0.13;0;13.88;5.69;4.5;0.05;0.26;0.13;0.08;6.22;8.49;21;22;57
"Grès";"292-24_M";"Profond";4.62;2.5;1.25;0.59;0.04;0;3.01;5.38;4.62;0;0.03;0.04;0.04;5.5;2.05;23;21;56
"Grès";"292-24_M";"Intermediaire";4.44;2.27;2.14;0.99;0.07;0;6.24;5.19;4.22;0;0.05;0.06;0.04;5.34;2.84;21;22;57
"Grès";"292-24_N";"Superficiel";4.19;4.4;3.98;3.08;0.15;0.36;16.18;5.62;4.71;0.03;0.23;0.15;0.06;6.1;7.82;19;17;64
"Grès";"292-24_N";"Profond";4.78;2.43;1.07;0.45;0.04;0.24;3.22;4.46;3.69;0;0.05;0.05;0.03;4.59;2.83;27;14;59
"Grès";"292-24_N";"Intermediaire";4.64;2.65;2.95;1.23;0.08;0.28;6.79;4.39;3.6;0.01;0.11;0.09;0.05;4.66;5.7;19;17;64
"Grès";"292-24_O";"Superficiel";4.68;2.69;5.48;1.04;0.09;2.09;16.08;3.55;2.93;0.03;0.2;0.17;0.05;4;11.33;18;12;70
"Grès";"292-24_O";"Profond";5.03;1.95;1.39;0.32;0.04;1.23;5.08;2.91;2.19;0;0.02;0.03;0.03;2.99;2.84;18;23;58
"Grès";"292-24_O";"Intermediaire";4.92;1.91;2.96;0.75;0.06;1.55;11.15;2.75;2.24;0.01;0.11;0.11;0.04;3.03;9.05;18;12;70
"Grès";"292-31_B";"Superficiel";4.06;2.94;6.36;1.45;0.1;2.18;14.73;4.74;3.84;0.02;0.23;0.12;0.06;5.17;8.36;22;12;66
"Grès";"292-31_B";"Profond";4.56;2.88;0.74;0.2;0.04;1.83;23.6;5.92;5.07;0;0.12;0.07;0.05;6.17;4.01;31;12;57
"Grès";"292-31_B";"Intermediaire";4.73;2.65;2.32;0.64;0.07;1.65;5.16;4.49;3.85;0;0.12;0.07;0.05;4.73;4.96;22;12;66
"Grès";"292-31_D";"Profond";4.74;2.02;0.84;0.25;0.03;1.68;3.31;3.8;3.21;0.01;0.07;0.04;0.04;3.95;3.85;21;14;64
"Grès";"292-31_D";"Intermediaire";4.77;2.44;2.08;0.73;0.06;1.59;6.94;3.49;2.84;0;0.08;0.06;0.04;3.66;4.76;16;13;70
"Grès";"292-31_E";"Superficiel";3.71;2.49;3.05;0.71;0.06;2.08;8.79;3.49;2.77;0.05;0.17;0.1;0.07;3.88;10.1;24;4;72
"Grès";"292-31_E";"Profond";4.89;1.9;0.94;0.25;0.01;2.22;10.43;3.11;2.7;0;0.05;0.03;0.05;3.25;4.2;20;11;69
"Grès";"292-31_E";"Intermediaire";4.72;2.07;2.03;0.52;0.04;2.16;6.88;3.17;2.65;0;0.09;0.07;0.04;3.38;6.21;24;4;72
"Grès";"292-31_K";"Superficiel";4.76;3.44;5.1;1.52;0.12;0.45;15.09;4.12;3.68;0.06;0.29;0.2;0.08;4.75;13.37;24;15;60
"Grès";"292-31_K";"Profond";4.6;3.08;1.38;0.37;0.06;0.5;5.04;4.93;4.33;0;0.1;0.1;0.06;5.19;4.98;30;15;56
"Grès";"292-31_K";"Intermediaire";4.86;3.22;3.06;0.89;0.09;0.34;6.84;4.39;3.77;0.01;0.2;0.13;0.06;4.79;8.3;24;15;60
"Grès";"292-31_X";"Superficiel";4.09;3.71;4.77;1.73;0.13;0.56;13.1;4.31;3.84;0.09;0.29;0.17;0.09;4.95;12.94;21;12;67
"Grès";"292-31_X";"Profond";4.83;2.56;0.97;0.29;0.04;0.33;8.6;3.85;3.39;0;0.04;0.04;0.04;3.97;3.11;24;12;64
"Grès";"292-31_X";"Intermediaire";4.72;2.68;2.52;0.65;0.06;0.32;6.79;3.8;3.24;0.01;0.13;0.08;0.04;4.07;6.48;21;12;67
"Grès";"292-32_A";"Superficiel";4.78;2.42;3.08;0.93;0.07;2.02;14.62;3.54;3.07;0.02;0.15;0.09;0.05;3.85;8.07;25;9;66
"Grès";"292-32_A";"Profond";4.64;2.23;0.86;0.3;0.02;1.4;28.04;4.14;3.63;0;0.01;0.02;0.04;4.22;1.8;23;13;63
"Grès";"292-32_A";"Intermediaire";4.8;2.07;1.78;0.56;0.05;1.88;13.42;3.78;3.27;0;0.05;0.04;0.04;3.91;3.49;25;9;66
"Grès";"292-32_C";"Superficiel";4.15;2.86;3.55;1.57;0.09;1.79;9.49;4.63;3.91;0.03;0.28;0.16;0.08;5.19;10.71;18;13;69
"Grès";"292-32_C";"Profond";4.78;2.8;1.17;0.35;0.03;1.76;4.71;3.76;3.29;0;0.04;0.04;0.02;3.86;2.66;19;14;68
"Grès";"292-32_C";"Intermediaire";4.63;2.47;2.52;0.8;0.06;2.15;40.43;3.77;3.13;0;0.09;0.08;0.04;3.99;5.52;18;13;69
"Grès";"292-32_G";"Superficiel";4.51;2.32;3.69;1.59;0.11;0.69;14.91;3.22;2.71;0.07;0.33;0.19;0.06;3.87;16.75;18;8;74
"Grès";"292-32_G";"Profond";4.89;1.79;1.13;0.22;0.03;0;2.09;2.7;2.19;0;0.03;0.03;0.04;2.8;3.56;18;12;69
"Grès";"292-32_G";"Intermediaire";4.84;1.89;1.95;0.68;0.06;0.23;5.24;2.7;2.19;0.01;0.09;0.08;0.04;2.93;7.71;18;8;74
"Grès";"292-32_M";"Superficiel";4.7;1.86;3.73;1.03;0.07;0.56;12.27;2.6;2.11;0.02;0.21;0.14;0.04;3.02;14.02;15;9;75
"Grès";"292-32_M";"Profond";4.8;1.7;0.92;0.33;0.04;0.48;2.21;3;2.54;0;0;0.03;0.04;3.07;2.21;17;15;69
"Grès";"292-32_M";"Intermediaire";4.7;1.93;3.18;0.72;0.06;0.78;8.32;2.65;2.09;0;0.05;0.06;0.03;2.8;5.26;15;9;75
"Grès";"292-33_A";"Superficiel";5.04;2.56;3.35;1.08;0.08;1.49;8.45;3.13;2.62;0.08;0.21;0.16;0.05;3.62;13.52;16;16;68
"Grès";"292-33_A";"Profond";4.64;1.92;1.45;0.27;0.04;1.44;2.58;2.29;1.68;0;0.03;0.04;0.04;2.4;4.4;18;12;70
"Grès";"292-33_A";"Intermediaire";4.88;2.02;3.45;0.73;0.06;1.77;6.13;2.55;2.04;0;0.08;0.08;0.04;2.75;7.27;16;16;68
"Grès";"292-33_C";"Superficiel";4.33;3.23;4.73;1.85;0.14;2.12;21.69;4.86;3.93;0.03;0.26;0.17;0.06;5.38;9.68;21;11;67
"Grès";"292-33_C";"Profond";4.85;2.73;1.93;0.33;0.04;2.11;7.78;3.55;2.98;0;0.02;0.04;0.05;3.66;3.02;25;10;65
"Grès";"292-33_C";"Intermediaire";4.77;2.68;2.27;0.81;0.08;2.31;15.89;3.7;3.06;0;0.03;0.06;0.05;3.85;3.82;21;11;67
"Grès";"292-33_G";"Superficiel";4.75;3.31;3.71;1.37;0.09;1.45;8.28;3.62;3;0.04;0.16;0.16;0.06;4.04;10.43;21;17;62
"Grès";"292-33_G";"Profond";4.98;2.51;1.02;0.48;0.04;1.32;7.15;3.28;2.72;0;0.01;0.03;0.02;3.35;1.98;21;17;62
"Grès";"292-33_G";"Intermediaire";4.79;2.51;2.35;0.86;0.05;1.78;7.46;3.82;3.18;0.01;0.07;0.08;0.05;4.03;5.09;21;17;62
"Grès";"292-33_N";"Superficiel";4.64;3.77;5.79;2.09;0.11;0.7;11.25;3.59;3.12;0.03;0.16;0.22;0.03;4.03;10.98;17;13;70
"Grès";"292-33_N";"Profond";4.84;1.97;1.94;0.35;0.03;0.55;2.73;2.45;1.94;0;0.04;0.03;0.04;2.55;4.06;19;11;70
"Grès";"292-33_N";"Intermediaire";4.63;2.39;4.3;1.02;0.07;0.5;3.44;2.56;2.1;0.02;0.07;0.1;0.04;2.79;8.08;17;13;70
"Grès";"292-33_P";"Superficiel";4.61;3.13;6.19;1.34;0.09;3.12;12.42;2.58;2.06;0.07;0.19;0.13;0.04;3.01;14.37;14;7;78
"Grès";"292-33_P";"Profond";4.96;1.65;1.51;0.25;0.01;2.08;2.46;2.08;1.63;0.03;0.01;0.04;0.01;2.17;4.03;18;3;79
"Grès";"292-33_P";"Intermediaire";4.33;1.55;3.88;0.71;0.05;1.82;8.93;2.59;2.08;0;0.03;0.06;0.02;2.71;4.28;14;7;78
"Grès";"292-33_T";"Superficiel";4;4.21;8;1.93;0.11;0.26;22.25;4.28;3.29;0.11;0.68;0.21;0.06;5.34;19.85;17;8;75
"Grès";"292-33_T";"Profond";5.18;1.75;1.96;0.76;0.04;0.39;6.6;1.37;0.97;0.02;0.07;0.03;0.01;1.51;8.79;17;19;65
"Grès";"292-33_T";"Intermediaire";4.58;2.3;3.32;1.34;0.08;0.29;8.12;2.46;2;0.04;0.15;0.09;0.02;2.76;10.95;17;8;75
"Grès";"292-33_U";"Superficiel";4.66;3.59;5.03;2.3;0.1;0.68;29.69;3.94;3.01;0.08;0.24;0.16;0.08;4.51;12.51;17;9;74
"Grès";"292-33_U";"Profond";5.17;2.06;3.79;1.33;0.09;0.46;3.31;1.94;1.48;0.04;0.02;0.05;0.01;2.06;5.66;19;7;73
"Grès";"292-33_U";"Intermediaire";4.94;2.1;2.61;1.02;0.07;0.47;5.49;1.99;1.53;0.03;0.02;0.05;0.04;2.13;6.34;17;9;74
"Grès";"292-33_X";"Superficiel";4.51;3.66;6.6;1.53;0.09;0.7;23.87;4.62;3.68;0.15;0.25;0.14;0.04;5.2;11.21;22;14;65
"Grès";"292-33_X";"Profond";4.82;2.12;0.86;0.52;0.03;0.9;4.94;3.63;3.12;0;0.02;0.04;0.08;3.76;3.59;25;12;63
"Grès";"292-33_X";"Intermediaire";4.71;2.29;1.55;0.62;0.05;0.51;12.65;3.53;3.02;0.05;0.03;0.06;0.03;3.7;4.45;22;14;65
"Grès";"292-34_O";"Superficiel";4.67;2.28;4.27;1.25;0.08;1.69;9.66;3.07;2.51;0.02;0.08;0.1;0.07;3.34;8.08;22;5;73
"Grès";"292-34_O";"Profond";5.03;1.4;1.44;0.3;0.03;1.65;5.55;1.83;1.37;0;0;0.02;0.05;1.9;4.03;15;11;73
"Grès";"292-34_O";"Intermediaire";4.92;2;2.52;0.73;0.05;1.67;9.31;2.45;1.99;0;0.02;0.05;0.05;2.57;4.53;22;5;73
"Grès";"292-34_R";"Superficiel";4.12;3.3;4.89;1.34;0.07;1.82;11.72;4.29;3.67;0.02;0.14;0.13;0.07;4.65;7.64;19;15;67
"Grès";"292-34_R";"Profond";4.67;2.07;1.46;0.32;0.04;1.46;3.3;3.62;3.17;0;0.02;0.04;0.05;3.73;2.9;21;14;65
"Grès";"292-34_R";"Intermediaire";4.62;2.32;2.62;0.61;0.05;1.69;5.63;3.4;2.82;0;0.05;0.06;0.06;3.58;4.82;19;15;67
"Grès";"292-34_U";"Superficiel";4.35;3.47;5.39;1.37;0.09;0.74;13.9;5.13;4.14;0.1;0.26;0.17;0.1;5.77;11.07;22;16;62
"Grès";"292-34_U";"Profond";4.64;2.8;1.27;0.35;0.04;0.35;6.41;4.94;4.12;0;0.07;0.04;0.05;5.1;3.14;26;15;59
"Grès";"292-34_U";"Intermediaire";4.56;2.85;2.91;0.72;0.04;0.53;7.1;4.94;4.01;0.01;0.09;0.11;0.05;5.2;5.05;22;16;62
"Grès";"508-31_M";"Superficiel";4.33;1.46;5.05;1.25;0.09;2.01;10.59;2.79;2.18;0.04;0.2;0.09;0.04;3.16;11.72;19;6;75
"Grès";"508-31_M";"Profond";3.92;0.98;1.78;0.48;0.04;0.34;4.2;2.27;1.72;0.04;0.08;0.06;0.05;2.5;9.2;17;9;74
"Grès";"508-31_M";"Intermediaire";3.97;1.24;3.15;0.81;0.06;2.22;5.99;2.58;2.08;0.03;0.07;0.08;0.04;2.81;7.96;19;6;75
"Grès";"508-31_Q";"Superficiel";3.44;2.15;6.27;1.84;0.12;0.5;17.11;3.78;2.71;0.05;0.14;0.14;0.17;4.29;11.77;15;12;73
"Grès";"508-31_Q";"Profond";4.73;1.06;2.44;0.52;0.03;0.47;4.76;2;1.52;0.02;0;0.02;0.05;2.07;3.72;16;13;70
"Grès";"508-31_Q";"Intermediaire";4.17;1.36;3.72;0.9;0.07;0.36;9.55;2.59;1.98;0.04;0.06;0.06;0.04;2.78;7.03;15;12;73
"Grès";"508-31_U";"Superficiel";4.17;1.27;4.45;1.01;0.07;0.31;11.93;2.96;2.3;0.07;0.14;0.12;0.03;3.32;10.87;18;8;74
"Grès";"508-31_U";"Profond";4.84;1.22;1.29;0.17;0.02;0.5;8.43;3.75;3.09;0.02;0.01;0.05;0.02;3.85;2.7;20;13;67
"Grès";"508-31_U";"Intermediaire";4.69;1.18;2.72;0.54;0.04;0.39;8.43;2.96;2.5;0.02;0.06;0.07;0.01;3.13;5.3;18;8;74
"Grès";"508-31_X";"Superficiel";5;1.29;2.9;0.49;0.04;0.64;25.38;1.77;1.42;0.02;0.02;0.03;0.03;1.87;5.38;18;13;69
"Grès";"508-31_X";"Profond";4.23;2.56;8.94;1.99;0.12;0.28;5.47;3.95;2.92;0.08;0.16;0.16;0.07;4.42;10.6;16;15;68
"Grès";"508-31_X";"Intermediaire";4.95;1.51;4.49;0.93;0.06;0.6;8.61;2.34;1.93;0.02;0.03;0.05;0.03;2.46;5.15;18;13;69
"Grès";"508-32_B";"Superficiel";4.46;1.43;6.46;1.4;0.09;2.56;15.94;2.13;1.22;0.12;0.39;0.14;0.06;2.85;25.21;13;15;73
"Grès";"508-32_B";"Profond";5.15;0.76;1.11;0.29;0.03;1.8;7.66;1.01;0.96;0.02;0;0.02;0.04;1.09;7.36;14;10;76
"Grès";"508-32_B";"Intermediaire";4.81;0.87;3.61;0.68;0.06;2.4;5.67;1.66;1.31;0.04;0.07;0.07;0.03;1.86;10.68;13;15;73
"Grès";"508-32_C";"Superficiel";4.89;2.34;2.36;1.16;0.07;2.29;17.29;3.33;2.82;0.03;0.03;0.06;0.04;3.49;4.75;18;12;69
"Grès";"508-32_C";"Profond";5.24;1.78;1.59;0.49;0.04;1.88;3.25;1.68;1.32;0.02;0;0.03;0.03;1.76;4.75;20;9;71
"Grès";"508-32_C";"Intermediaire";5.05;1.93;1.98;0.93;0.07;2.02;6;2.04;1.63;0.02;0.02;0.06;0.01;2.14;4.8;18;12;69
"Grès";"508-32_K";"Superficiel";4.05;3.48;7.72;1.88;0.1;0.51;23.07;3.26;2.69;0.07;0.32;0.12;0.16;3.93;17.01;12;12;76
"Grès";"508-32_K";"Profond";4.87;0.92;1.49;0.98;0.04;0.3;7.63;1.56;1.16;0.02;0;0.02;0.03;1.63;3.87;11;11;79
"Grès";"508-32_K";"Intermediaire";4.46;0.89;2.87;0.98;0.04;0.51;17.07;1.51;0.96;0.02;0.02;0.03;0.05;1.63;7.22;12;12;76
"Grès";"508-32_N";"Superficiel";4.37;3.18;3.72;1.63;0.09;2.51;14.14;3.72;2.74;0.07;0.26;0.11;0.07;4.23;12.18;17;13;70
"Grès";"508-32_N";"Profond";5.31;1.63;1.96;0.83;0.05;2.11;4.07;1.27;0.97;0.02;0.01;0.03;0.04;1.37;7.16;17;12;70
"Grès";"508-32_N";"Intermediaire";4.93;1.56;3.37;1;0.06;2.34;9.09;1.75;1.37;0.02;0.03;0.04;0.03;1.87;6.06;17;13;70
"Grès";"508-32_S";"Superficiel";3.87;2.07;4.56;1.76;0.06;2.84;14.82;2.71;1.12;0.07;0.15;0.08;0.08;3.08;12.13;13;10;77
"Grès";"508-32_S";"Profond";5.44;0.82;1.3;0.46;0.03;1.98;5.11;1.01;0.45;0.01;0;0.01;0.02;1.06;4.53;17;6;76
"Grès";"508-32_S";"Intermediaire";5.01;1.07;2.46;0.9;0.05;2.23;8.64;1.31;0.91;0.03;0.01;0.03;0.03;1.42;7.21;13;10;77
"Grès";"508-32_W";"Superficiel";4.27;2.94;6.52;2.42;0.12;0.64;14.98;4.51;3.14;0.12;0.31;0.2;0.17;5.32;15.24;19;10;72
"Grès";"508-32_W";"Profond";5.38;1.62;1.57;0.92;0.06;0.41;8.17;0.91;0.71;0.01;0;0.02;0.05;1;8.37;19;20;61
"Grès";"508-32_W";"Intermediaire";5.12;1.36;2.45;1.11;0.06;0.4;8.28;1.88;1.72;0.02;0.03;0.05;0.05;2.02;7.35;19;10;72
"Grès";"508-33_C";"Superficiel";4.1;2.63;4.08;1.32;0.07;1.39;10.99;4.72;3.7;0.1;0.22;0.14;0.07;5.26;10.14;21;9;70
"Grès";"508-33_C";"Profond";5;1.88;1.65;0.44;0.04;1.6;11.11;3.52;3.31;0.03;0.02;0.05;0.02;3.64;3.36;23;9;68
"Grès";"508-33_C";"Intermediaire";4.69;2.11;2.42;0.67;0.04;1.9;7.13;3.73;3.24;0.03;0.02;0.06;0.05;3.89;4.22;21;9;70
"Grès";"508-33_E";"Superficiel";4.54;1.54;4.24;1.3;0.08;1.22;11.87;3.28;2.44;0.07;0.11;0.11;0.03;3.59;8.72;17;13;69
"Grès";"508-33_E";"Profond";5.06;1.41;1.9;0.61;0.04;1.53;7.11;2.05;1.85;0.05;0;0.04;0.03;2.17;5.35;21;12;67
"Grès";"508-33_E";"Intermediaire";5.03;1.43;2.19;0.75;0.06;1.91;5.49;2.16;2;0.06;0.07;0.08;0.13;2.49;13.58;17;13;69
"Grès";"508-33_J";"Superficiel";4.84;1.6;4.18;1.06;0.08;0.66;9.39;2.24;1.63;0.09;0.16;0.09;0.05;2.63;14.98;23;4;73
"Grès";"508-33_J";"Profond";5.04;1.24;1.5;0.38;0.03;0.31;6.05;1.47;1.24;0.04;0.03;0.04;0.06;1.63;9.7;17;12;71
"Grès";"508-33_J";"Intermediaire";4.83;1.52;2.72;0.93;0.06;1.33;4.94;2.01;1.68;0.06;0.06;0.06;0.03;2.21;9.33;23;4;73
"Grès";"508-33_M";"Superficiel";4.32;1.61;2.91;1.41;0.08;1.52;7.14;3;2.9;0.07;0.21;0.08;0.03;3.38;11.3;16;10;74
"Grès";"508-33_M";"Profond";4.92;1.82;1.3;0.51;0.04;0.91;2.08;2.24;1.94;0.03;0.03;0.03;0.03;2.37;5.28;24;11;65
"Grès";"508-33_M";"Intermediaire";4.83;1.83;2.19;0.94;0.06;2.03;4.65;2.24;1.88;0.04;0.01;0.03;0.03;2.35;4.79;16;10;74
"Grès";"508-33_N";"Superficiel";4.66;3.22;5.35;1.62;0.09;0;10.37;2.74;2.48;0.15;0.28;0.17;0.05;3.39;19.12;17;12;71
"Grès";"508-33_N";"Profond";4.72;1.88;1.64;0.53;0.04;0;2.39;1.68;1.4;0.06;0.04;0.03;0.05;1.87;9.93;19;12;69
"Grès";"508-33_N";"Intermediaire";4.83;1.29;1.03;0.74;0.04;0.79;5.66;1.34;1.14;0.03;0.02;0.03;0.04;1.45;7.59;17;12;71
"Grès";"508-33_Q";"Superficiel";4.61;1.76;4.81;1.48;0.09;1.89;9.32;1.73;1.37;0.1;0.14;0.1;0.05;2.11;18.06;16;4;80
"Grès";"508-33_Q";"Profond";5.07;1.32;1.98;0.72;0.05;1.28;7.35;1.01;0.96;0.03;0;0.02;0.03;1.09;7.36;17;8;75
"Grès";"508-33_Q";"Intermediaire";5.01;1.31;3.84;1.22;0.08;1.84;7.51;1.27;1.17;0.05;0.05;0.05;0.05;1.47;13.78;16;4;80
"Grès";"508-33_V";"Superficiel";4.67;2.01;3.08;1.27;0.1;0;6.9;3.32;2.73;0.09;0.23;0.11;0.05;3.81;12.84;21;13;66
"Grès";"508-33_V";"Profond";4.81;1.79;0.58;0.19;0.03;0;1.94;3.54;3.16;0.15;0.05;0.04;0.02;3.79;6.62;22;16;63
"Grès";"508-33_V";"Intermediaire";4.89;1.63;1.66;0.66;0.06;0;9.43;3.05;2.8;0.05;0.07;0.07;0.04;3.27;6.72;21;13;66
"Grès";"508-34_B";"Superficiel";3.94;2.05;7.05;1.22;0.08;0.85;7.76;2.86;2.02;0.14;0.23;0.14;0.08;3.44;16.92;16;10;74
"Grès";"508-34_B";"Profond";5;1.35;3.03;0.5;0.04;1.08;2.54;2.13;1.72;0.07;0.06;0.07;0.07;2.39;11.06;17;13;70
"Grès";"508-34_B";"Intermediaire";4.64;1.38;4.21;0.77;0.06;0.78;7.24;2.64;2.28;0.06;0.05;0.06;0.06;2.87;8.12;16;10;74
"Grès";"508-34_F";"Superficiel";4.59;1.98;6.02;1.33;0.08;1.43;7.32;2.04;1.63;0.08;0.11;0.1;0.09;2.42;15.59;16;13;71
"Grès";"508-34_F";"Profond";5.26;1.37;1.44;0.5;0.04;0.29;1.91;0.91;0.76;0.04;0.02;0.02;0.05;1.05;13.12;14;17;69
"Grès";"508-34_F";"Intermediaire";4.57;1.7;2.7;0.9;0.06;0.32;4.92;1.17;1.02;0.04;0.02;0.04;0.08;1.35;13.6;16;13;71
"Grès";"508-34_J";"Superficiel";4.22;3.54;4.4;1.69;0.11;0.08;8.89;5.81;5.16;0.15;0.21;0.17;0.08;6.42;9.57;24;22;54
"Grès";"508-34_J";"Profond";4.64;2.5;1.75;0.49;0.05;0.53;4.22;4.77;4.15;0.04;0.01;0.05;0.04;4.91;2.78;26;16;58
"Grès";"508-34_J";"Intermediaire";4.6;2.46;2.91;0.75;0.06;1.47;2.99;5.2;4.72;0.04;0.02;0.05;0.04;5.36;2.86;24;22;54
"Alluvial";"508-21_A";"Superficiel";4.59;4.59;7.07;1.49;0.21;12.02;3.11;5.29;4.77;2.1;2.14;0.56;0.06;10.16;47.9;38;30;32
"Alluvial";"508-21_A";"Profond";4.77;4.58;2.65;0.6;0.1;2.58;1.75;8.91;8.23;0.09;2.23;0.24;0.07;11.55;22.88;45;27;28
"Alluvial";"508-21_A";"Intermediaire";4.55;4.33;3.19;0.7;0.11;6.36;2.91;7.79;7.13;0.31;1.27;0.39;0.07;9.83;20.8;38;30;32
"Alluvial";"508-21_J";"Superficiel";4.63;3.52;4.03;0.92;0.12;7.68;1.89;4.9;4.46;0.22;1.41;0.25;0.05;6.84;28.36;36;31;34
"Alluvial";"508-21_J";"Profond";5.02;3.9;1.09;0.4;0.07;1.16;1.67;7.18;6.61;0.11;1.87;0.16;0.08;9.41;23.67;34;28;38
"Alluvial";"508-21_J";"Intermediaire";4.68;4.06;1.75;0.58;0.09;4.31;2.21;7.87;7.09;0.24;1.58;0.22;0.07;9.98;21.16;36;31;34
"Alluvial";"508-21_P";"Superficiel";4.19;3.96;7.37;1.34;0.14;15.77;10.46;6.33;5.99;0.52;0.28;0.21;0.09;7.42;14.79;35;20;45
"Alluvial";"508-21_P";"Profond";4.4;4.01;2.05;0.45;0.07;2.43;3.49;7.34;6.38;0.04;0.24;0.13;0.07;7.83;6.25;40;18;42
"Alluvial";"508-21_P";"Intermediaire";4.29;3.63;3.76;0.75;0.1;6.94;1.69;6.17;5.86;0.49;0.26;0.22;0.09;7.24;14.72;35;20;45
"Alluvial";"508-21_Q";"Superficiel";4.44;3.48;5.55;1.21;0.11;9.54;5.78;5.85;5.28;0.42;0.49;0.17;0.06;7;16.33;33;18;49
"Alluvial";"508-21_Q";"Profond";4.82;3.77;2.35;0.48;0.07;1.3;2.32;6.36;5.87;0.03;0.53;0.12;0.05;7.09;10.25;42;14;44
"Alluvial";"508-21_Q";"Intermediaire";4.63;3.7;3.29;0.7;0.09;5.61;4.56;6.23;5.61;0.08;0.45;0.13;0.07;6.96;10.48;33;18;49
"Alluvial";"508-21_X";"Superficiel";4.35;3.78;3.97;0.93;0.13;9.07;2.1;6.73;6.39;0.14;0.58;0.16;0.08;7.68;12.39;35;18;47
"Alluvial";"508-21_X";"Profond";4.94;4.89;1.94;0.36;0.06;1.08;1.81;8.41;7.89;0;0.21;0.16;0.13;8.91;5.6;38;33;29
"Alluvial";"508-21_X";"Intermediaire";4.62;3.77;2.08;0.58;0.08;3.62;5.51;7.48;6.7;0.01;0.17;0.14;0.07;7.87;4.95;35;18;47
"Alluvial";"508-22_A";"Superficiel";4.66;3.79;4.02;0.83;0.09;6.14;2.79;6.05;5.43;0.53;0.75;0.15;0.09;7.57;20.05;40;19;41
"Alluvial";"508-22_A";"Profond";4.81;4.09;1.39;0.36;0.06;4.77;2.34;7.82;7.45;0.09;0.57;0.14;0.06;8.68;9.87;40;17;43
"Alluvial";"508-22_A";"Intermediaire";4.52;4.61;1.67;0.45;0.08;4.65;2.04;8.18;7.71;0.03;0.46;0.15;0.07;8.88;7.97;40;19;41
"Alluvial";"508-22_H";"Superficiel";4.86;5.22;4.43;1.23;0.14;10.27;1.76;5.38;4.88;0.79;2.38;0.23;0.08;8.86;39.24;36;30;34
"Alluvial";"508-22_H";"Profond";4.85;5.31;1.84;0.48;0.08;4.69;1.39;9.24;8.87;0.08;3.24;0.17;0.1;12.83;27.99;49;32;19
"Alluvial";"508-22_H";"Intermediaire";4.62;5.04;2.53;0.52;0.09;5.1;1.7;8.58;7.9;0.1;2.45;0.13;0.09;11.35;24.4;36;30;34
"Alluvial";"508-22_L";"Superficiel";4.76;3.04;7.17;1.18;0.13;6.48;2.62;2.73;2.53;0.78;1.98;0.47;0.06;6.03;54.68;32;13;54
"Alluvial";"508-22_L";"Profond";5.16;3.35;1.4;0.4;0.06;2.15;1.82;4.19;4.04;0.28;1.64;0.12;0.08;6.31;33.55;30;23;47
"Alluvial";"508-22_L";"Intermediaire";4.96;2.56;2.67;0.48;0.07;1.69;5.72;3.13;2.98;0.23;1.17;0.15;0.06;4.75;34.04;32;13;54
"Alluvial";"508-22_R";"Superficiel";5.08;3.05;6.15;1.09;0.12;7.81;4.81;2.27;2.01;0.95;1.38;0.17;0.06;4.83;53.06;32;28;40
"Alluvial";"508-22_R";"Profond";5.23;3.46;1.43;0.23;0.05;0.89;0.14;3.73;3.31;0.97;3.13;0.14;0.13;8.09;53.9;32;28;40
"Alluvial";"508-22_R";"Intermediaire";5.05;3.58;1.66;0.51;0.07;1.82;1.04;5.24;4.9;0.19;1.37;0.13;0.09;7.02;25.35;32;28;40
"Alluvial";"508-23_A";"Superficiel";5.35;3.7;9.78;1.67;0.15;12.45;4.06;0.96;0.88;5.8;2.45;0.26;0.07;9.54;89.93;28;18;53
"Alluvial";"508-23_A";"Profond";4.33;2.65;1.8;0.31;0.05;1.97;5.43;4.19;3.95;0.21;0.56;0.13;0.11;5.19;19.39;27;15;58
"Alluvial";"508-23_A";"Intermediaire";4.97;3.44;3.97;0.75;0.1;5.59;1.64;3.52;3.31;1.24;1.25;0.21;0.08;6.31;44.17;28;18;53
"Alluvial";"508-23_D";"Superficiel";4.41;3;8.83;1.49;0.16;16.27;3.71;3.66;3.25;0.71;0.93;0.27;0.16;5.73;36.1;27;23;50
"Alluvial";"508-23_D";"Profond";4.45;3.01;1;0.26;0.05;1.85;0.91;5.49;5.16;0.03;0.74;0.11;0.06;6.44;14.69;29;28;43
"Alluvial";"508-23_D";"Intermediaire";4.34;2.83;2.06;0.45;0.07;4.49;0.88;4.63;4.35;0.07;0.66;0.13;0.06;5.55;16.55;27;23;50
"Alluvial";"508-23_F";"Superficiel";4.3;3.49;13.94;1.58;0.15;15.86;6.59;3.83;3.37;0.73;1.22;0.22;0.08;6.09;37.06;23;24;53
"Alluvial";"508-23_F";"Profond";4.75;2.49;1.71;0.35;0.05;5.99;1.64;4.38;4.15;0.04;0.19;0.07;0.06;4.74;7.43;23;25;52
"Alluvial";"508-23_F";"Intermediaire";4.24;2.81;4.04;0.65;0.08;8;1.94;4.17;3.86;0.05;0.31;0.09;0.07;4.69;11.13;23;24;53
"Alluvial";"508-23_Q";"Superficiel";4.45;2.49;12.57;1.08;0.12;15.7;14.09;3.38;2.77;0.25;0.44;0.23;0.09;4.39;22.97;24;18;58
"Alluvial";"508-23_Q";"Profond";4.25;2.46;1.57;0.2;0.04;3.29;5.93;3.9;3.41;0.03;0.2;0.08;0.06;4.26;8.58;22;21;56
"Alluvial";"508-23_Q";"Intermediaire";4.13;1.98;4.57;0.43;0.06;7.57;1.55;3.62;3.19;0.04;0.29;0.09;0.08;4.12;12.16;24;18;58
"Alluvial";"508-23_U";"Superficiel";4.52;2.01;7.53;0.79;0.07;7.35;5.14;2.65;2.5;0.16;0.99;0.11;0.06;3.97;33.22;18;13;69
"Alluvial";"508-23_U";"Profond";4.39;1.83;2.69;0.23;0.04;1.56;2.33;2.75;2.65;0.49;0.12;0.08;0.03;3.46;20.61;16;16;68
"Alluvial";"508-23_U";"Intermediaire";4.51;1.72;4.13;0.37;0.05;4.22;1.72;3.1;2.67;0.04;0.01;0.07;0.03;3.25;4.5;18;13;69
"Alluvial";"508-24_C";"Superficiel";4.69;3.7;6.7;0.86;0.1;5.92;7.08;2.44;2.18;2.43;1.59;0.41;0.04;6.92;64.71;26;25;49
"Alluvial";"508-24_C";"Profond";4.73;3.52;2.68;0.29;0.06;1.58;2.9;5.57;5.1;0.35;0.95;0.2;0.08;7.15;22.03;30;21;49
"Alluvial";"508-24_C";"Intermediaire";4.48;3.42;3.88;0.47;0.07;5.66;5.54;4.53;3.96;0.73;0.94;0.19;0.05;6.43;29.6;26;25;49
"Alluvial";"508-24_E";"Superficiel";4.55;4.99;12.58;1.65;0.17;14.03;12.4;2.84;2.44;3.54;0.94;0.62;0.09;8.04;64.67;34;20;46
"Alluvial";"508-24_E";"Profond";4.54;4.2;1.82;0.42;0.06;2.95;3.19;6.99;6.47;0.11;0.35;0.37;0.06;7.89;11.37;40;16;43
"Alluvial";"508-24_E";"Intermediaire";4.27;4.03;3.73;0.77;0.1;4.73;5.35;6.25;5.84;0.16;0.39;0.38;0.08;7.26;13.91;34;20;46
"Alluvial";"508-24_J";"Superficiel";4.55;4.72;4.19;0.9;0.12;8.14;5.45;6.51;6.01;0.19;2.43;0.42;0.15;9.7;32.92;43;30;27
"Alluvial";"508-24_J";"Profond";4.55;4.97;1.56;0.54;0.08;1.92;2.75;8.73;8.23;0.07;1.83;0.21;0.09;10.94;20.16;48;30;22
"Alluvial";"508-24_J";"Intermediaire";4.53;4.8;2.43;0.64;0.09;3.54;1.83;7.62;7.06;0.06;2.25;0.27;0.13;10.32;26.24;43;30;27
"Alluvial";"508-24_L";"Superficiel";4.51;3.71;4.02;0.79;0.09;4.55;2.82;6.02;5.45;0.16;0.99;0.15;0.07;7.39;18.54;32;22;45
"Alluvial";"508-24_L";"Profond";4.47;4.18;2.23;0.37;0.06;0.37;6.75;7.72;7.36;0.08;0.97;0.13;0.07;8.98;13.99;36;23;41
"Alluvial";"508-24_L";"Intermediaire";4.45;3.47;2.52;0.56;0.08;3.55;6.82;6.32;5.96;0.08;0.69;0.14;0.07;7.3;13.43;32;22;45
"Alluvial";"508-24_Q";"Superficiel";4.26;3.66;7.19;0.92;0.11;8.47;5.08;5.09;4.77;0.24;1.15;0.45;0.07;7;27.32;34;22;45
"Alluvial";"508-24_Q";"Profond";4.32;3.99;2.87;0.6;0.08;3.78;2.11;6.93;6.3;0.13;0.61;0.24;0.07;7.98;13.19;38;17;45
"Alluvial";"508-24_Q";"Intermediaire";4.37;4.13;4.43;0.75;0.1;5.49;20.22;6.21;5.82;0.18;0.86;0.4;0.08;7.72;19.62;34;22;45
"Alluvial";"508-24_T";"Superficiel";4.42;4.2;4.75;1.08;0.12;11.31;24.13;7.05;6.58;0.28;1.07;0.25;0.07;8.72;19.21;41;22;37
"Alluvial";"508-24_T";"Profond";4.9;5.15;1.74;0.47;0.08;1.69;3.86;8.25;7.62;0.06;1.91;0.17;0.07;10.45;21.07;47;35;18
"Alluvial";"508-24_T";"Intermediaire";4.52;4.63;2.79;0.65;0.09;7.93;6.9;5.77;5.35;0.05;1.31;0.21;0.07;7.4;22.07;41;22;37
"Alluvial";"508-11_B";"Superficiel";4.64;5.09;5.23;1.4;0.1;3.94;12.46;3.42;2.87;1.28;4.18;0.61;0.08;9.57;64.21;44;25;32
"Alluvial";"508-11_B";"Profond";4.87;5.14;1.15;0.36;0.07;0.86;2.82;7.75;7.38;0.06;2.95;0.45;0.05;11.26;31.19;48;26;26
"Alluvial";"508-11_B";"Intermediaire";4.55;5.25;2.05;0.58;0.1;2.07;9.2;7.6;7.02;0.19;2.46;0.45;0.1;10.8;29.65;44;25;32
"Alluvial";"508-11_E";"Superficiel";4.29;4.31;9.52;2;0.17;4.3;5.13;6.48;5.96;0.28;0.62;0.23;0.08;7.68;15.67;35;35;30
"Alluvial";"508-11_E";"Profond";4.73;3.98;2.11;0.3;0.05;1.59;2.04;7.5;6.9;0.04;0.55;0.08;0.09;8.27;9.28;40;36;24
"Alluvial";"508-11_E";"Intermediaire";4.5;3.8;2.34;0.55;0.07;3.05;3.4;5.72;5.25;0.06;0.35;0.1;0.06;6.28;8.95;35;35;30
"Alluvial";"508-11_N";"Superficiel";5.18;5.12;8.67;2.07;0.22;12.55;3.1;1.32;0.97;4.72;4.54;0.27;0.09;10.94;87.96;42;14;44
"Alluvial";"508-11_N";"Profond";4.82;3.83;2.48;0.45;0.08;2.99;2.51;7.12;6.55;0.44;1.77;0.14;0.07;9.54;25.33;38;24;39
"Alluvial";"508-11_N";"Intermediaire";4.72;4.09;3.81;0.71;0.11;2.68;5.01;5.11;4.64;0.87;2.38;0.12;0.04;8.53;40.08;42;14;44
"Alluvial";"508-11_Q";"Superficiel";4.59;4.45;7.12;1.42;0.17;2.98;2.07;5.23;4.87;0.95;1.53;0.42;0.08;8.21;36.24;34;22;44
"Alluvial";"508-11_Q";"Profond";4.87;3.34;2.12;0.39;0.07;7.51;2.81;6.98;6.36;0.08;1.26;0.14;0.06;8.52;17.99;36;23;41
"Alluvial";"508-11_Q";"Intermediaire";4.67;4.16;2.95;0.66;0.1;4.25;2.19;6.42;5.9;0.15;1.2;0.15;0.07;7.98;19.57;34;22;44
"Alluvial";"508-11_S";"Superficiel";5.11;4.99;4.18;1.74;0.19;4.41;13.21;0.32;0.16;7.07;4.89;0.5;0.08;12.85;97.54;39;36;25
"Alluvial";"508-11_S";"Profond";5.21;5.12;1.13;0.55;0.11;2.34;31.1;4.53;4.27;3.08;3.96;0.17;0.08;11.83;61.69;45;34;22
"Alluvial";"508-11_S";"Intermediaire";5.04;4.79;2.16;0.92;0.14;4.54;24.88;2.52;2.1;4.05;4.31;0.22;0.07;11.17;77.44;39;36;25
"Alluvial";"508-11_T";"Superficiel";4.92;2.64;10.1;1.33;0.15;5.86;16.4;1.59;1.18;1.41;1.93;0.22;0.07;5.22;69.51;27;12;62
"Alluvial";"508-11_T";"Profond";4.86;2.21;3.91;0.47;0.06;0.55;8.65;2.35;2.1;0.62;0.81;0.11;0.06;3.95;40.52;23;12;65
"Alluvial";"508-11_T";"Intermediaire";4.95;3.03;5.39;0.96;0.11;2.45;6.72;2.32;1.96;0.97;1.11;0.11;0.05;4.57;49.2;27;12;62
"Alluvial";"508-11_X";"Superficiel";4.72;4.51;9.4;1.68;0.2;1.86;5.71;4.24;3.77;0.9;2.36;0.41;0.05;7.96;46.73;32;26;42
"Alluvial";"508-11_X";"Profond";4.76;5.2;7.88;0.69;0.13;10.75;3.52;8.1;7.44;0.09;2.09;0.27;0.07;10.61;23.71;39;32;29
"Alluvial";"508-11_X";"Intermediaire";4.69;4.55;3.83;0.96;0.13;4.7;11.47;6.71;6.34;0.19;1.35;0.2;0.07;8.51;21.25;32;26;42
"Alluvial";"508-12_S";"Superficiel";4.63;7.66;10.09;2.72;0.31;10.27;6.67;5.2;4.39;1.4;4.29;0.44;0.08;11.42;54.46;44;32;24
"Alluvial";"508-12_S";"Profond";4.81;5.33;1.86;0.66;0.11;1.84;3.24;8.32;7.82;0.12;3.54;0.22;0.14;12.34;32.58;45;34;21
"Alluvial";"508-12_S";"Intermediaire";4.63;5.04;3.05;0.84;0.15;3.12;7.19;8.21;7.66;0.09;2.58;0.22;0.08;11.19;26.6;44;32;24
"Alluvial";"508-12_W";"Superficiel";4.56;4.19;5.46;1.09;0.12;7.47;6.86;5.71;5.32;0.45;2.55;0.53;0.07;9.32;38.67;33;25;42
"Alluvial";"508-12_W";"Profond";4.79;5.4;1.95;0.51;0.07;1.74;4.02;8.35;7.98;0.03;2.45;0.21;0.08;11.12;24.93;42;32;26
"Alluvial";"508-12_W";"Intermediaire";4.77;4.01;2.15;0.35;0.06;3.89;21.76;7.01;6.51;0.09;1.05;0.16;0.06;8.36;16.24;33;25;42
"Alluvial";"508-13_G";"Superficiel";4.66;4.66;7.08;1.64;0.19;8.97;3.88;6.77;6.56;0.45;3.84;0.64;0.16;11.85;42.92;42;36;22
"Alluvial";"508-13_G";"Profond";4.59;5.41;1.95;0.56;0.09;1.7;18.83;9.04;8.14;0.07;2.35;0.21;0.07;11.73;22.96;43;26;31
"Alluvial";"508-13_G";"Intermediaire";4.58;4.31;2.7;0.91;0.13;2.59;14.7;8.41;7.73;0.11;1.39;0.2;0.06;10.18;17.35;42;36;22
"Alluvial";"508-13_K";"Superficiel";5.02;4.48;7.31;1.63;0.19;4.4;5.45;2.62;1.96;2.03;4.29;0.38;0.05;9.38;72.08;38;24;38
"Alluvial";"508-13_K";"Profond";4.67;4.45;3.08;0.7;0.11;6.71;10.48;7.01;6.12;0.32;1.68;0.17;0.05;9.24;24.09;37;18;45
"Alluvial";"508-13_K";"Intermediaire";4.64;4.37;4.76;0.75;0.11;4.89;6.12;6.9;5.96;0.32;1.52;0.17;0.05;8.96;22.97;38;24;38
"Alluvial";"508-13_O";"Superficiel";4.26;3.33;9.82;1.17;0.11;10.5;2.78;3.93;3.03;0.47;0.29;0.19;0.05;4.93;20.26;23;22;54
"Alluvial";"508-13_O";"Profond";4.32;3.21;2.25;0.48;0.07;4.52;2.38;6.2;5.22;0.11;0.12;0.1;0.03;6.56;5.55;25;22;53
"Alluvial";"508-13_O";"Intermediaire";4.16;3.2;5.24;0.69;0.08;6.57;5.61;5.22;4.24;0.13;0.42;0.13;0.18;6.08;14.16;23;22;54
"Alluvial";"508-13_Q";"Superficiel";4.48;2.8;8.49;0.95;0.1;6.76;9.05;3.91;3.19;0.14;0.37;0.12;0.02;4.57;14.37;23;17;60
"Alluvial";"508-13_Q";"Profond";4.62;2.49;1.62;0.31;0.05;2.02;1.68;4.97;4.15;0.01;0.33;0.06;0.03;5.41;8.02;26;19;56
"Alluvial";"508-13_Q";"Intermediaire";4.25;2.46;3.18;0.48;0.06;3.54;1.87;4.77;3.97;0.05;0.27;0.08;0.04;5.21;8.47;23;17;60
"Alluvial";"508-13_S";"Superficiel";4.4;5.34;7.82;1.8;0.19;10.96;5.18;7.45;6.34;0.37;1.3;0.44;0.07;9.63;22.65;37;35;28
"Alluvial";"508-13_S";"Profond";4.63;4.68;1.34;0.43;0.07;2.77;2.87;9.07;8.08;0.03;0.99;0.13;0.06;10.28;11.73;38;35;27
"Alluvial";"508-13_S";"Intermediaire";4.43;4.62;2.51;0.79;0.11;4.59;4.19;8.91;7.94;0.06;0.79;0.2;0.07;10.04;11.22;37;35;28
"Alluvial";"508-14_K";"Superficiel";4.68;4.09;6.62;1.18;0.13;1.44;9.08;5.79;4.77;0.19;1.12;0.4;0.11;7.61;23.92;31;13;56
"Alluvial";"508-14_K";"Profond";4.91;3.66;1.51;0.23;0.04;1.01;7.78;7.73;6.64;0.02;0.2;0.08;0.05;8.08;4.24;31;26;43
"Alluvial";"508-14_K";"Intermediaire";4.75;3.07;3.34;0.51;0.06;1.74;5.02;5.83;5;0.03;0.21;0.09;0.04;6.19;5.83;31;13;56
"Alluvial";"508-14_L";"Superficiel";4.65;5;7.65;1.49;0.18;12.77;13.96;5.53;4.63;0.41;2.36;0.46;0.05;8.8;37.17;36;30;34
"Alluvial";"508-14_L";"Profond";4.5;4.2;1.36;0.31;0.07;1.65;7.72;8.19;7.2;0.1;0.66;0.15;0.05;9.15;10.48;39;26;35
"Alluvial";"508-14_L";"Intermediaire";4.59;4.32;4.15;0.8;0.1;6.98;5.92;7.05;5.96;0.01;1;0.23;0.05;8.35;15.49;36;30;34
"Alluvial";"508-14_M";"Superficiel";4.41;5.35;8.53;1.91;0.21;9.27;15.65;4.97;3.96;2.01;2.65;0.43;0.06;10.12;50.94;39;28;33
"Alluvial";"508-14_M";"Profond";4.31;5.84;1.41;0.5;0.09;2.17;2.52;10.57;9.4;0.33;1.54;0.15;0.08;12.66;16.55;51;27;22
"Alluvial";"508-14_M";"Intermediaire";4.22;4.74;3.85;0.85;0.12;3.91;6.88;6.67;5.72;0.56;1.43;0.14;0.05;8.85;24.66;39;28;33
"Alluvial";"508-14_W";"Superficiel";4.46;2.48;9.86;0.74;0.07;7.37;19.68;3.03;2.51;0.28;0.43;0.13;0.07;3.92;22.88;25;5;71
"Alluvial";"508-14_W";"Profond";5;2.67;1.43;0.16;0.04;2;2.48;3.7;3.03;0.07;0.16;0.07;0.09;4.08;9.25;20;11;69
"Alluvial";"508-14_W";"Intermediaire";4.51;3.01;2.88;0.37;0.05;4.86;4.17;3.92;3.14;0.03;0.42;0.05;0.03;4.45;11.97;25;5;71
"Alluvial";"508-14_X";"Superficiel";4.32;4.47;6.95;1.44;0.16;7.72;11.64;7.17;5.97;0.43;0.35;0.21;0.07;8.23;12.84;34;19;47
"Alluvial";"508-14_X";"Profond";4.54;4.01;2.11;0.42;0.07;1.62;4.18;7.87;6.88;0.11;0.41;0.09;0.06;8.54;7.87;34;17;49
"Alluvial";"508-14_X";"Intermediaire";4.41;4.61;3.21;0.84;0.11;5;2.63;8.49;7.39;0.11;0.58;0.15;0.07;9.4;9.63;34;19;47
"Alluvial";"508-14_Y";"Superficiel";4.33;3.6;9.69;1.07;0.12;11.31;3.41;3.94;3.01;0.8;0.66;0.2;0.06;5.67;30.48;26;17;57
"Alluvial";"508-14_Y";"Profond";4.8;2.12;1.77;0.2;0.04;1.78;7.41;3.06;2.81;0.72;0.65;0.13;0.1;4.68;34.49;23;15;62
"Alluvial";"508-14_Y";"Intermediaire";4.35;2.26;3.42;0.49;0.07;4.07;2.03;4.04;3.38;0.35;0.37;0.1;0.04;4.91;17.61;26;17;57
"Dunaire";"508-41_B";"Superficiel";4;1.59;10.99;1.65;0.07;0.62;4.66;1.88;0.28;0.42;0.71;0.25;0.09;3.34;43.72;26;11;63
"Dunaire";"508-41_B";"Profond";5.58;0.19;4.47;0.21;0.02;0.86;0.39;0.3;0.03;0.03;0.03;0.02;0.02;0.39;23.58;30;14;56
"Dunaire";"508-41_B";"Intermediaire";4.91;0.55;5.38;0.59;0.04;0.96;2.23;0.53;0.05;0.1;0.14;0.12;0.05;0.94;43.92;26;11;63
"Dunaire";"508-41_G";"Superficiel";4.06;1.83;7.56;1.54;0.07;2.41;9.15;1.48;0.43;0.27;0.9;0.46;0.22;3.33;55.62;10;9;81
"Dunaire";"508-41_G";"Profond";4.64;0.73;2.65;0.3;0.02;0.96;1.01;1.03;0.81;0.02;0.03;0.03;0;1.11;6.94;9;11;81
"Dunaire";"508-41_G";"Intermediaire";4.92;0.41;4.65;0.6;0.04;1.96;2.93;0.7;0.05;0.07;0.14;0.1;0.02;1.03;31.47;10;9;81
"Dunaire";"508-42_C";"Superficiel";3.51;3.25;7.68;2.95;0.17;1.19;10.46;6.51;4.03;0.2;1.23;0.51;0.19;8.64;24.68;11;5;84
"Dunaire";"508-42_C";"Profond";4.03;2.44;1.51;0.97;0.07;1.97;2.42;3.15;2.51;0.04;0.23;0.15;0.05;3.63;13.15;10;11;80
"Dunaire";"508-42_C";"Intermediaire";3.86;2.41;3.35;1.56;0.09;1.07;3.42;5.48;4.46;0.05;0.2;0.11;0.02;5.87;6.56;11;5;84
"Dunaire";"508-42_H";"Superficiel";3.81;4.02;7.44;2.26;0.12;1.07;11.06;4.82;3.23;0.12;0.88;0.24;0.07;6.13;21.35;18;15;67
"Dunaire";"508-42_H";"Profond";5.02;1.43;1.89;0.68;0.06;1.68;1.75;2.66;2.18;0.02;0.07;0.04;0.01;2.8;4.84;21;11;68
"Dunaire";"508-42_H";"Intermediaire";4.53;2.33;3.33;1.41;0.1;3.26;3.48;3.74;2.92;0.05;0.22;0.14;0.03;4.18;10.57;18;15;67
"Dunaire";"508-42_I";"Superficiel";4.24;2.36;5.51;1.72;0.09;1.06;5.31;4.12;2.92;0.28;1.54;0.79;0.09;6.83;39.65;20;12;67
"Dunaire";"508-42_I";"Profond";4.97;2.03;1.64;0.58;0.05;0.82;1.14;3.6;2.86;0.07;0.14;0.07;0.02;3.89;7.4;26;8;66
"Dunaire";"508-42_I";"Intermediaire";4.66;1.95;2.84;0.82;0.06;0.93;2.73;3.19;2.45;0.1;0.13;0.11;0;3.53;9.73;20;12;67
"Dunaire";"508-42_N";"Superficiel";4.18;2.66;6.6;2.03;0.12;2.44;7.32;3.96;2.88;0.16;0.83;0.21;0.05;5.21;24.06;20;9;71
"Dunaire";"508-42_N";"Profond";5.02;1.33;5.69;0.45;0.04;1.66;0.66;2.56;2.08;0.07;0.08;0.04;0;2.74;6.75;20;11;69
"Dunaire";"508-42_N";"Intermediaire";4.78;1.56;2.54;0.66;0.06;3.75;2.45;1.88;1.32;0.12;0.46;0.15;0;2.61;27.92;20;9;71
"Dunaire";"508-42_O";"Superficiel";3.4;8.11;17.43;5.59;0.29;0.07;9.44;7.1;3.75;0.37;4.39;0.87;0.09;12.82;44.6;22;12;67
"Dunaire";"508-42_O";"Profond";5.15;1.88;1.91;1.14;0.07;0;1.86;2.17;1.63;0.08;0.08;0.05;0.04;2.42;10.41;19;17;64
"Dunaire";"508-42_O";"Intermediaire";4.79;2.62;5.45;1.88;0.12;0;3.16;3.44;2.67;0.1;0.2;0.1;0.04;3.88;11.29;22;12;67
"Dunaire";"508-42_P";"Superficiel";3.88;4.17;6.65;2.15;0.12;0.15;7.55;4.02;2.24;0.21;1.14;0.23;0.1;5.7;29.52;15;16;69
"Dunaire";"508-42_P";"Profond";5.05;2.13;1.7;1.13;0.07;0.06;1.92;2.12;1.38;0.07;0.07;0.05;0.02;2.33;8.94;18;15;67
"Dunaire";"508-42_P";"Intermediaire";4.65;1.92;4.42;1.27;0.08;1.51;3.06;1.66;1.12;0.16;0.52;0.25;0.1;2.69;38.44;15;16;69
"Dunaire";"508-42_Q";"Superficiel";3.96;4.09;8.5;2;0.1;0.06;8.96;5.06;3.18;0.2;0.81;0.26;0.09;6.41;21.11;21;14;64
"Dunaire";"508-42_Q";"Profond";5.06;2.13;1.54;1.09;0.08;1.08;2.19;1.74;1.33;0.06;0.06;0.05;0.02;1.92;9.46;23;9;67
"Dunaire";"508-42_Q";"Intermediaire";4.83;2.5;4.21;1.64;0.1;1.5;3.32;2.82;2.05;0.1;0.16;0.11;0.02;3.21;12.06;21;14;64
"Dunaire";"508-42_U";"Superficiel";4.19;1.44;6.42;1.33;0.07;0;4.76;2.05;0.96;0.13;0.25;0.12;0.04;2.59;20.59;13;11;76
"Dunaire";"508-42_U";"Profond";4.99;1.56;1.43;0.7;0.04;0.61;1.1;1.88;1.52;0.08;0.02;0.02;0.01;2.01;6.36;20;23;57
"Dunaire";"508-42_U";"Intermediaire";4.58;1.25;3.44;0.92;0.05;0.88;2.55;1.82;1.27;0.08;0.09;0.05;0.01;2.06;11.55;13;11;76
"Dunaire";"508-42_X";"Superficiel";4.14;3.11;5.86;2.27;0.14;2.46;7.15;4.67;3.3;0.14;0.37;0.18;0.08;5.44;14.09;20;13;67
"Dunaire";"508-42_X";"Profond";4.83;1.44;1.77;0.35;0.04;2.35;0.47;2.33;1.72;0.06;0.05;0.03;0;2.47;5.61;22;10;68
"Dunaire";"508-42_X";"Intermediaire";4.61;2.18;3.04;1.46;0.1;2.41;2.44;2.63;2.04;0.09;0.13;0.11;0.04;3.01;12.43;20;13;67
"Dunaire";"508-42_Y";"Superficiel";4.01;4.65;6.82;2.64;0.14;2.71;6.83;4.75;3.15;0.2;0.91;0.26;0.11;6.22;23.67;18;14;68
"Dunaire";"508-42_Y";"Profond";4.91;1.73;1.53;0.64;0.05;2.29;0.98;1.73;1.58;0.07;0.04;0.03;0.01;1.88;7.81;22;12;66
"Dunaire";"508-42_Y";"Intermediaire";4.74;1.93;3.49;1.33;0.09;3.49;3.15;2.63;1.99;0.11;0.13;0.1;0.04;3.01;12.68;18;14;68
"Dunaire";"508-43_E";"Superficiel";4;2.59;6.87;1.39;0.08;0;4.32;2.77;1.64;0.54;1.14;0.25;0.03;4.72;41.34;18;3;79
"Dunaire";"508-43_E";"Profond";4.56;1.16;1.49;0.29;0.03;0.52;0.98;2.12;1.92;0.08;0.11;0.04;0;2.35;9.64;20;10;70
"Dunaire";"508-43_E";"Intermediaire";4.73;0.81;3.84;0.73;0.05;0.73;1.58;1.36;1.31;0.11;0.09;0.05;0;1.61;15.37;18;3;79
"Dunaire";"508-43_G";"Superficiel";4.08;1.98;4.58;1.24;0.06;0.64;3.88;1.99;1.48;0.15;0.37;0.1;0.07;2.67;25.59;14;14;72
"Dunaire";"508-43_G";"Profond";4.93;1.41;2.03;0.71;0.04;0.26;1.6;1.93;1.75;0.08;0.02;0.01;0;2.04;5.41;19;14;67
"Dunaire";"508-43_G";"Intermediaire";4.84;1.11;4.54;0.99;0.05;0.14;2.26;1.42;1.06;0.08;0.06;0.04;0;1.59;10.93;14;14;72
"Dunaire";"508-43_I";"Superficiel";3.87;4.13;6.23;2.74;0.11;0;3.98;4.12;2.76;0.19;0.68;0.18;0.07;5.24;21.42;14;14;72
"Dunaire";"508-43_I";"Profond";4.91;1.96;1.47;0.7;0.04;0.77;0.27;1.94;1.58;0.06;0.02;0.01;0;2.03;4.7;20;13;67
"Dunaire";"508-43_I";"Intermediaire";4.84;1.32;6.32;1.22;0.07;0.61;1.66;1.52;1.19;0.09;0.13;0.09;0.03;1.86;18.42;14;14;72
"Dunaire";"508-43_L";"Superficiel";3.79;3.94;8.39;2.48;0.13;0.43;4.25;2.34;1.09;0.26;0.78;0.17;0.08;3.63;35.55;13;8;79
"Dunaire";"508-43_L";"Profond";4.38;1.55;1.82;0.81;0.05;0.52;0.68;2.54;2.08;0.06;0.04;0.02;0;2.66;4.57;18;13;69
"Dunaire";"508-43_L";"Intermediaire";4.25;0.77;3.64;0.91;0.05;0.53;1.24;1.36;1.11;0.1;0.13;0.04;0;1.63;16.79;13;8;79
"Dunaire";"508-43_M";"Superficiel";3.95;1.72;9.19;1.32;0.07;0;5.06;2.19;0.81;0.39;1.11;0.15;0.04;3.88;43.64;11;11;77
"Dunaire";"508-43_M";"Profond";4.39;1.16;2.14;0.57;0.03;0.03;0.5;1.82;1.52;0.11;0.05;0.03;0;2.01;9.52;14;14;72
"Dunaire";"508-43_M";"Intermediaire";4.5;0.64;4.75;0.93;0.05;0.49;1.59;0.96;0.53;0.16;0.26;0.08;0.05;1.51;36.48;11;11;77
"Dunaire";"508-43_Y";"Superficiel";4.34;1.85;5;1.43;0.07;0;3.74;1.94;1.22;0.15;0.23;0.12;0.03;2.46;21.28;17;9;74
"Dunaire";"508-43_Y";"Profond";5.23;1.37;2.22;0.56;0.03;0;0.45;1.32;1.17;0.08;0.04;0.03;0.02;1.48;11.09;18;14;67
"Dunaire";"508-43_Y";"Intermediaire";5;1.03;2.79;0.92;0.05;0;1.7;1.67;1.47;0.09;0.08;0.07;0.02;1.92;13.24;17;9;74
"Dunaire";"508-44_B";"Superficiel";4.4;1.34;8.37;1.88;0.08;0;2.35;1.37;0.41;0.13;0.33;0.11;0.03;1.98;30.75;10;12;78
"Dunaire";"508-44_B";"Profond";5.14;0.4;3.46;0.88;0.04;0;0.54;0.5;0.1;0.11;0.07;0.05;0.01;0.74;31.97;8;14;78
"Dunaire";"508-44_B";"Intermediaire";4.83;0.41;2.57;0.49;0.02;0;0.29;0.7;0.5;0.09;0.04;0.02;0.01;0.86;18.45;10;12;78
"Dunaire";"508-44_X";"Superficiel";4.12;2.57;6.5;2.1;0.11;0;5.19;3.34;2.57;0.16;0.47;0.14;0.05;4.15;19.68;20;19;61
"Dunaire";"508-44_X";"Profond";5.15;0.92;1.82;0.86;0.05;0;1.13;1.56;1.51;0.08;0.04;0.03;0.03;1.75;10.64;21;13;67
"Dunaire";"508-44_X";"Intermediaire";5.08;2.24;8.44;1.47;0.09;0.79;3.22;2.05;1.84;0.11;0.1;0.1;0.05;2.41;15.03;20;19;61
"Dunaire";"508-51_A";"Superficiel";4.26;2.88;51.29;2.32;0.12;2.32;0.47;2.16;0.46;0.36;1.28;1.3;0.27;5.37;59.72;13;4;83
"Dunaire";"508-51_A";"Profond";5.31;0.19;0.85;0.33;0.01;1.54;0.07;0.3;0.1;0.09;0.03;0.01;0;0.44;31.41;13;3;84
"Dunaire";"508-51_A";"Intermediaire";4.51;0.92;7.69;1.51;0.07;1.41;0.8;0.96;0.3;0.18;0.17;0.08;0.02;1.41;31.98;13;4;83
"Dunaire";"508-51_D";"Superficiel";4.4;1.47;5.67;0.92;0.04;2.13;0.76;1.32;0.41;0.15;0.44;0.1;0.04;2.05;35.6;11;12;77
"Dunaire";"508-51_D";"Profond";4.74;0.44;2.21;0.39;0.03;2.05;0.37;1.36;1.16;0.1;0.08;0.04;0.02;1.59;14.93;12;9;79
"Dunaire";"508-51_D";"Intermediaire";4.65;0.39;4.17;0.54;0.03;2.24;0.58;0.65;0.15;0.08;0.11;0.05;0.03;0.92;29.16;11;12;77
"Dunaire";"508-51_M";"Superficiel";3.69;2.97;12.57;3.26;0.17;1.28;0.56;3.61;0.67;0.37;1.82;0.6;0.18;6.57;45.09;11;8;81
"Dunaire";"508-51_M";"Profond";5.36;0.21;1.7;0.34;0.02;0.66;0.03;0.25;0.03;0.09;0.03;0.02;0.02;0.41;38.74;11;8;81
"Dunaire";"508-51_M";"Intermediaire";4.72;0.57;4.98;1.14;0.06;0.81;0.53;0.7;0.15;0.11;0.12;0.06;0.01;1.01;30.2;11;8;81
"Dunaire";"508-51_P";"Superficiel";3.94;2.3;19.76;1.93;0.08;1.12;0.9;2.66;0.46;0.49;1.3;0.44;0.11;5;46.73;12;8;80
"Dunaire";"508-51_P";"Profond";5.32;0.35;1.16;0.29;0.02;0.87;0.16;0.65;0.25;0.07;0.04;0.02;0.02;0.8;18.93;14;5;81
"Dunaire";"508-51_P";"Intermediaire";4.43;0.52;3.11;0.85;0.04;2.03;0.48;0.8;0.33;0.1;0.2;0.07;0.04;1.21;33.58;12;8;80
"Dunaire";"508-51_T";"Superficiel";4.18;1.83;10.98;1.91;0.1;1.84;1.73;2.19;0.92;0.22;0.55;0.17;0.07;3.2;31.58;11;7;82
"Dunaire";"508-51_T";"Profond";5.04;0.58;2.46;0.54;0.03;1.81;0.44;0.91;0.8;0.08;0.03;0.02;0.01;1.05;13.73;13;17;70
"Dunaire";"508-51_T";"Intermediaire";5.14;0.54;4.34;0.81;0.04;2.17;0.74;0.65;0.28;0.12;0.11;0.06;0.01;0.95;31.48;11;7;82
"Dunaire";"508-51_V";"Superficiel";3.92;4.41;19.92;2.32;0.1;0.74;1.53;3.24;1.1;0.51;1.81;0.53;0.12;6.2;47.7;14;10;76
"Dunaire";"508-51_V";"Profond";5.19;1.41;1.58;0.73;0.04;0.71;0.18;1.42;1.29;0.07;0.02;0.02;0;1.53;7.02;17;9;74
"Dunaire";"508-51_V";"Intermediaire";4.91;0.58;3.86;0.76;0.03;1.58;0.86;0.91;0.7;0.11;0.04;0.03;0.01;1.09;17.24;14;10;76
"Dunaire";"508-52_D";"Superficiel";5.04;1.47;6.05;0.6;0.03;2.85;1.95;1.12;1.04;0.09;0.04;0.01;0.01;1.27;11.86;11;9;80
"Dunaire";"508-52_D";"Profond";5.1;1.07;1.59;0.55;0.03;1.94;0.43;1.47;1.19;0.08;0.04;0.01;0;1.59;7.72;16;8;76
"Dunaire";"508-52_D";"Intermediaire";4.77;0.6;4.12;0.66;0.04;1.79;1.28;1.06;0.8;0.1;0.08;0.03;0.01;1.27;16.95;11;9;80
"Dunaire";"508-52_H";"Superficiel";4.3;1.42;8.35;2.13;0.11;1.8;1.33;1.67;0.41;0.14;0.43;0.08;0.05;2.36;29.2;14;0;86
"Dunaire";"508-52_H";"Profond";5.21;0.17;0.78;0.18;0.02;1.97;0.11;0.3;0.15;0.07;0.02;0;0;0.38;21.85;15;8;77
"Dunaire";"508-52_H";"Intermediaire";5.05;0.31;2.34;0.76;0.04;2.11;0.37;0.4;0.15;0.08;0.06;0.03;0.01;0.58;30.65;14;0;86
"Dunaire";"508-52_K";"Superficiel";3.76;2.51;10.2;1.72;0.09;1.24;2.87;2.1;0.62;0.28;1.18;0.14;0.07;3.77;44.21;13;11;76
"Dunaire";"508-52_K";"Profond";5.02;0.92;2.15;0.44;0.03;1.69;0.39;1.26;1.11;0.08;0.03;0.03;0.01;1.42;11.14;19;9;73
"Dunaire";"508-52_K";"Intermediaire";4.01;0.6;2.44;0.55;0.03;1.33;1.05;0.65;0.55;0.14;0.19;0.05;0.04;1.08;39.4;13;11;76
"Dunaire";"508-52_O";"Superficiel";3.74;3.82;14.4;2.59;0.11;3.56;0.9;3.59;1.01;0.5;1.38;0.25;0.18;5.89;39.15;12;8;80
"Dunaire";"508-52_O";"Profond";5.19;1.02;3.08;0.57;0.03;2.38;0.7;0.96;0.61;0.08;0.03;0.02;0;1.09;11.59;13;9;78
"Dunaire";"508-52_O";"Intermediaire";4.5;0.55;4.91;0.6;0.03;2.25;0.58;0.9;0.45;0.11;0.08;0.04;0.01;1.15;21.37;12;8;80
"Dunaire";"508-53_R";"Superficiel";4;2.03;7.08;2.32;0.09;1.83;3.2;2.09;0.61;0.26;0.64;0.18;0.09;3.26;35.75;14;9;78
"Dunaire";"508-53_R";"Profond";4.93;1.21;1.6;0.63;0.04;1.94;0.76;1.37;1.09;0.08;0.01;0.02;0.01;1.48;7.95;15;10;75
"Dunaire";"508-53_R";"Intermediaire";4.54;0.51;2.38;0.64;0.04;2.45;1.53;1.01;0.68;0.1;0.07;0.05;0.02;1.25;19.37;14;9;78
"Dunaire";"508-53_V";"Superficiel";3.77;3.67;10.04;2.6;0.14;0;9.79;4.46;2.7;0.4;1.25;0.28;0.07;6.47;30.99;16;13;70
"Dunaire";"508-53_V";"Profond";4.97;1.71;1.65;0.85;0.07;0.53;1.73;2.14;1.83;0.07;0.04;0.07;0.01;2.32;7.79;19;13;68
"Dunaire";"508-53_V";"Intermediaire";4.4;1.38;3.09;1.19;0.07;0.64;2.92;2.99;2.43;0.1;0.15;0.09;0.02;3.35;10.71;16;13;70
"Dunaire";"508-53_W";"Superficiel";4.07;2.93;6.42;2.12;0.11;0.06;4.81;4.22;3.06;0.16;0.55;0.17;0.04;5.14;17.82;22;11;67
"Dunaire";"508-53_W";"Profond";4.99;1.71;1.94;0.63;0.05;0;1.34;2.24;1.98;0.07;0.04;0.05;0.01;2.41;7.24;23;14;63
"Dunaire";"508-53_W";"Intermediaire";4.76;1.68;2.31;0.95;0.07;0;2.32;3.2;2.7;0.1;0.07;0.08;0;3.45;7.19;22;11;67
"Dunaire";"508-54_C";"Superficiel";4.39;1.25;9.39;1.57;0.08;2.68;2.7;1.52;0.56;0.23;0.47;0.11;0.02;2.34;35.12;10;13;78
"Dunaire";"508-54_C";"Profond";3.95;2.49;11.29;1.79;0.09;13.55;0.09;2.36;0.56;0.7;0.94;0.26;0.08;4.34;45.67;11;15;74
"Dunaire";"508-54_C";"Intermediaire";4.73;0.61;3.03;0.75;0.04;2.04;0.63;0.8;0.45;0.09;0.07;0.04;0.01;1.01;20.65;10;13;78
"Dunaire";"508-54_E";"Superficiel";4.02;2.35;7.17;1.73;0.11;0.19;0.67;1.89;0.72;0.28;0.48;0.16;0.06;2.88;34.14;11;18;71
"Dunaire";"508-54_E";"Profond";4.74;2.02;1.98;0.99;0.04;0.05;0.05;1.79;1.56;0.08;0.02;0.02;0;1.91;6.31;14;13;73
"Dunaire";"508-54_E";"Intermediaire";4.88;0.51;2.91;0.62;0.04;0;0.77;0.55;0.3;0.08;0.06;0.04;0.01;0.74;25.45;11;18;71
"Dunaire";"508-54_G";"Superficiel";4.08;2.13;9.91;1.98;0.1;0.22;3.04;1.89;0.64;0.33;0.65;0.15;0.06;3.07;38.5;10;13;78
"Dunaire";"508-54_G";"Profond";4.88;1.02;2.02;0.81;0.04;0.11;0.83;1.31;0.86;0.08;0.03;0.02;0;1.45;9.16;14;8;78
"Dunaire";"508-54_G";"Intermediaire";4.93;0.45;3.64;0.84;0.05;0.56;1.63;0.6;0.25;0.09;0.08;0.04;0.01;0.82;26.28;10;13;78
"Dunaire";"508-54_H";"Superficiel";3.54;4.41;13.18;4;0.18;3.78;0.85;4.08;0.94;0.33;1.26;0.25;0.17;6.08;32.93;11;9;80
"Dunaire";"508-54_H";"Profond";4.78;1.29;1.63;0.7;0.02;2.64;0.22;1.47;1.17;0.07;0.03;0.02;0;1.59;7.81;15;8;77
"Dunaire";"508-54_H";"Intermediaire";4.43;0.58;3.7;1.06;0.04;2.64;0.51;0.8;0.25;0.1;0.11;0.06;0;1.07;24.76;11;9;80
"Dunaire";"508-54_M";"Superficiel";3.99;2.27;7.34;2.22;0.1;2.12;1.58;2.71;1.74;0.14;0.95;0.12;0.09;4.01;32.41;17;9;74
"Dunaire";"508-54_M";"Profond";5.12;1.07;1.69;0.62;0.04;1.8;0.27;1.31;1.04;0.08;0.03;0.02;0;1.44;9;17;9;74
"Dunaire";"508-54_M";"Intermediaire";4.73;1.04;2.94;0.92;0.04;1.86;0.73;1.31;0.96;0.09;0.15;0.04;0.05;1.65;20.31;17;9;74
"Dunaire";"508-54_T";"Superficiel";4.1;2.71;5.09;1.99;0.12;2.29;1.96;3.55;2.62;0.12;0.39;0.11;0.04;4.21;15.75;17;12;72
"Dunaire";"508-54_T";"Profond";4.96;1.93;1.23;0.9;0.05;2.83;0.76;2.35;2.01;0.05;0.05;0.03;0;2.48;5.43;22;10;68
"Dunaire";"508-54_T";"Intermediaire";4.94;1.33;2.96;0.89;0.06;2.71;1.02;1.82;1.49;0.08;0.06;0.05;0;2.01;9.24;17;12;72
"Dunaire";"508-54_Y";"Superficiel";3.92;2.35;8.04;1.69;0.09;3.31;2.38;3.64;2.2;0.14;0.47;0.2;0.08;4.52;19.65;20;5;75
"Dunaire";"508-54_Y";"Profond";5.17;1.27;3.75;0.48;0.05;2.9;0.61;1.57;1.32;0.05;0.04;0.05;0;1.71;7.99;19;12;70
"Dunaire";"508-54_Y";"Intermediaire";4.6;1.01;2.75;0.53;0.05;2.87;1.46;2.02;1.72;0.06;0.07;0.07;0;2.22;8.84;20;5;75
"Dunaire";"508-61_C";"Superficiel";4.26;0.84;9.76;0.89;0.07;0.46;2.1;1.61;1.01;0.37;0.28;0.08;0.01;2.35;31.36;10;9;81
"Dunaire";"508-61_C";"Profond";5.32;0.62;1.65;0.21;0.02;0.58;0.64;2.47;1.51;0.07;0.03;0.02;0;2.59;4.65;13;11;76
"Dunaire";"508-61_C";"Intermediaire";4.83;0.42;5.2;0.43;0.03;1.27;1.12;0.95;0.6;0.1;0.07;0.04;0;1.16;18.04;10;9;81
"Dunaire";"508-61_L";"Superficiel";4.34;2.14;8.92;1.34;0.08;0.32;1.39;1.15;0.97;0.2;0.18;0.09;0.05;1.66;30.92;12;10;78
"Dunaire";"508-61_L";"Profond";5.02;0.69;1.99;0.34;0.02;0.22;0.6;1.08;1.01;0.07;0.02;0.01;0;1.18;8.51;15;10;75
"Dunaire";"508-61_L";"Intermediaire";4.8;0.64;3.1;0.55;0.03;0.36;1.05;1.51;1.18;0.07;0.04;0.02;0;1.65;8.33;12;10;78
"Dunaire";"508-61_T";"Superficiel";4.08;2.62;5.77;1.84;0.11;0.13;9.72;5.08;3.75;0.13;0.48;0.1;0.04;5.84;13.01;23;8;69
"Dunaire";"508-61_T";"Profond";4.8;1.09;1.15;0.39;0.03;0.36;0.59;2.98;2.43;0.05;0.03;0.02;0;3.09;3.54;26;4;70
"Dunaire";"508-61_T";"Intermediaire";4.62;1.82;2.7;0.96;0.08;0.67;1.41;3.77;3.18;0.06;0.07;0.05;0;3.96;4.78;23;8;69
"Dunaire";"508-62_M";"Superficiel";4.16;2.09;10.65;1.6;0.08;0.31;2.2;2.04;0.87;0.21;0.76;0.17;0.04;3.23;36.67;9;7;83
"Dunaire";"508-62_M";"Profond";5.56;0.46;3.15;0.35;0.02;0.45;0.7;0.63;0.5;0.08;0.03;0.02;0;0.76;16.96;8;12;79
"Dunaire";"508-62_M";"Intermediaire";4.83;0.58;4.77;0.67;0.04;1;1.27;0.8;0.35;0.08;0.11;0.05;0;1.04;22.92;9;7;83
"Dunaire";"508-62_N";"Superficiel";4.61;1.53;7.1;1.19;0.07;0;2.13;2.49;1.73;0.17;0.19;0.08;0.02;2.95;15.8;13;9;78
"Dunaire";"508-62_N";"Profond";5.49;0.9;2.3;0.42;0.03;0.21;0.64;0.76;0.61;0.06;0.01;0.01;0;0.85;10.5;15;12;74
"Dunaire";"508-62_N";"Intermediaire";5.01;0.97;4.47;0.83;0.05;0.84;1.17;1.59;1.16;0.08;0.08;0.04;0;1.8;11.54;13;9;78
"Dunaire";"508-62_R";"Superficiel";4.18;1.78;9.48;1.25;0.02;0.29;2.94;1.99;1.02;0.16;0.31;0.11;0.03;2.6;23.67;12;8;79
"Dunaire";"508-62_R";"Profond";5.54;0.89;2.94;0.51;0.03;0.2;0.82;0.63;0.5;0.05;0.01;0.02;0;0.71;11.29;10;10;80
"Dunaire";"508-62_R";"Intermediaire";4.94;0.56;4.33;0.77;0.04;0.37;1.52;1.13;0.91;0.07;0.07;0.04;0;1.32;14.58;12;8;79
"Dunaire";"508-62_T";"Superficiel";4.39;0.94;8.01;1.23;0.06;0.4;1.46;1.26;0.35;0.17;0.29;0.09;0.02;1.83;31.12;11;6;83
"Dunaire";"508-62_T";"Profond";5.22;0.18;2.71;0.24;0.02;0.41;0.49;0.35;0.1;0.07;0.02;0.02;0;0.45;22.27;11;2;87
"Dunaire";"508-62_T";"Intermediaire";4.89;0.36;4.7;0.71;0.05;0.46;1.11;0.53;0.15;0.09;0.07;0.04;0;0.73;28.17;11;6;83
"Dunaire";"508-63_E";"Superficiel";3.82;3.03;11.19;2.31;0.11;0.03;2.43;4.38;2.47;0.19;0.85;0.14;0.12;5.69;22.95;13;11;76
"Dunaire";"508-63_E";"Profond";5.26;1.08;2.3;0.72;0.04;0.24;1.47;0.96;0.81;0.07;0.04;0.03;0.02;1.12;14.41;15;9;76
"Dunaire";"508-63_E";"Intermediaire";4.47;1.33;5.69;1.29;0.06;0.3;2.17;1.98;1.47;0.15;0.18;0.05;0.05;2.4;17.68;13;11;76
"Dunaire";"508-63_L";"Superficiel";4.08;1.64;7.94;1.68;0.09;0.06;2.78;2.06;0.81;0.17;0.52;0.11;0.05;2.91;29.28;9;10;81
"Dunaire";"508-63_L";"Profond";4.99;0.5;9.15;0.19;0.02;0.47;0.78;0.8;0.5;0.07;0.03;0.01;0;0.92;12.4;8;12;80
"Dunaire";"508-63_L";"Intermediaire";4.85;0.46;3.16;0.58;0.04;0.74;1.16;0.58;0.2;0.09;0.05;0.03;0.01;0.76;24.26;9;10;81
"Dunaire";"508-63_Q";"Superficiel";4.16;1.73;7.72;1.42;0.08;0;3.68;2.04;0.92;0.18;0.41;0.1;0.03;2.76;26.17;12;11;77
"Dunaire";"508-63_Q";"Profond";5.21;1.67;3.45;0.86;0.04;0.13;0.77;1.55;1.12;0.07;0.02;0.02;0;1.67;6.93;14;13;74
"Dunaire";"508-63_Q";"Intermediaire";4.8;0.8;3.86;0.87;0.04;0;1.5;1.21;0.86;0.08;0.05;0.03;0;1.37;11.4;12;11;77
"Dunaire";"508-63_R";"Superficiel";4.21;1.29;10.22;1.42;0.07;0.39;3.17;1.87;0.81;0.19;0.43;0.1;0.04;2.65;29.23;10;11;79
"Dunaire";"508-63_R";"Profond";4.98;0.78;2.37;0.53;0.03;0.32;0.91;1.06;0.86;0.06;0.03;0.02;0;1.16;8.79;13;7;80
"Dunaire";"508-63_R";"Intermediaire";4.92;0.56;4.34;0.72;0.04;1;1.28;0.96;0.6;0.11;0.12;0.07;0.03;1.29;26.15;10;11;79
"Dunaire";"508-63_U";"Superficiel";3.82;2.37;7.43;1.75;0.09;0.07;2.66;1.9;0.92;0.18;1;0.24;0.16;3.48;45.58;12;8;79
"Dunaire";"508-63_U";"Profond";5.13;1.68;2.05;0.78;0.04;0.04;0.73;1.04;0.97;0.09;0.05;0.03;0.04;1.26;17.18;15;21;65
"Dunaire";"508-63_U";"Intermediaire";4.75;1.09;4.26;0.86;0.05;0.68;1.25;1.47;0.96;0.07;0.04;0.03;0.01;1.62;9.57;12;8;79
"Dunaire";"508-64_A";"Superficiel";4;3.34;6.84;2;0.11;0.37;2.91;4.5;3.21;0.18;0.8;0.14;0.09;5.71;21.19;18;9;73
"Dunaire";"508-64_A";"Profond";4.64;1.47;1.88;0.41;0.03;0.32;0.84;3.25;2.64;0.06;0.07;0.02;0;3.4;4.48;22;10;69
"Dunaire";"508-64_A";"Intermediaire";4.62;1.45;5;0.89;0.05;0.28;1.55;2.99;2.28;0.12;0.16;0.08;0.06;3.41;12.28;18;9;73
"Dunaire";"508-64_D";"Superficiel";4.68;1.46;4.39;1.13;0.08;0.37;1.86;2.06;1.42;0.14;0.46;0.14;0.12;2.92;29.52;11;11;78
"Dunaire";"508-64_D";"Profond";5.7;1.53;2.12;0.62;0.04;0.3;0.66;0.86;0.61;0.07;0.05;0.02;0.03;1.04;16.74;17;10;73
"Dunaire";"508-64_D";"Intermediaire";5.17;1.13;2.73;0.84;0.05;0.4;1.51;1.14;0.91;0.06;0.06;0.04;0.01;1.31;12.98;11;11;78
"Dunaire";"508-64_N";"Superficiel";4.15;2.2;6.34;1.55;0.1;0;2.58;2.63;1.58;0.19;0.55;0.11;0.05;3.53;25.38;17;4;78
"Dunaire";"508-64_N";"Profond";5.08;1.24;3.83;0.66;0.05;0.21;1.16;1.32;0.99;0.1;0.04;0.03;0.02;1.51;12.63;11;12;77
"Dunaire";"508-64_N";"Intermediaire";4.82;1.27;4.1;0.83;0.05;0;1.38;0.96;0.71;0.1;0.18;0.08;0.07;1.39;30.77;17;4;78
"Dunaire";"508-64_O";"Superficiel";4.32;1;5.1;1.02;0.06;0.32;1.88;1.64;0.81;0.15;0.21;0.07;0.03;2.09;21.54;10;11;79
"Dunaire";"508-64_O";"Profond";5.2;1.53;2.09;0.72;0.05;0.63;0.82;1.32;0.91;0.06;0.02;0.02;0;1.42;6.91;14;10;76
"Dunaire";"508-64_O";"Intermediaire";4.91;0.73;2.79;0.62;0.04;1.21;1.08;1.21;0.81;0.07;0.04;0.03;0;1.35;10.67;10;11;79
"Dunaire";"508-64_R";"Superficiel";4.17;1.84;9.3;1.32;0.07;0.43;1.71;2.75;1.88;0.12;0.21;0.08;0.03;3.19;13.79;12;13;75
"Dunaire";"508-64_R";"Profond";5.33;1.46;2.12;0.65;0.04;0.42;0.94;1.55;1.07;0.06;0.03;0.04;0;1.68;7.68;16;11;74
"Dunaire";"508-64_R";"Intermediaire";4.88;1.46;6.75;0.89;0.06;1.07;0.67;1.78;1.27;0.07;0.07;0.08;0;2;11.11;12;13;75
"Dunaire";"508-64_S";"Superficiel";4.13;2.67;7.1;1.83;0.11;0.1;2.92;3.96;2.67;0.14;0.26;0.11;0.03;4.49;11.8;19;7;75
"Dunaire";"508-64_S";"Profond";5.32;1.45;2.52;0.55;0.04;0.3;1.27;1.88;1.17;0.07;0.03;0.03;0.01;2.02;6.99;17;12;71
"Dunaire";"508-64_S";"Intermediaire";5.04;1.45;4.98;0.89;0.06;1.05;1.38;2.16;1.57;0.07;0.05;0.05;0.01;2.34;7.95;19;7;75
"Dunaire";"508-64_U";"Superficiel";4.25;3.08;6.01;1.41;0.08;0.81;1.75;4.08;3.1;0.12;0.26;0.11;0.03;4.59;11.3;15;15;70
"Dunaire";"508-64_U";"Profond";4.93;1.38;1.99;0.37;0.04;0.21;0.9;2.56;2.13;0.07;0.03;0.03;0.03;2.72;5.76;18;14;68
"Dunaire";"508-64_U";"Intermediaire";4.74;1.63;3.97;0.76;0.05;0.47;0.97;1.6;1.22;0.12;0.17;0.16;0.11;2.15;25.69;15;15;70
"Dunaire";"508-64_X";"Superficiel";4.07;2.56;8.91;1.71;0.09;0;2.97;4.23;2.77;0.16;0.43;0.13;0.09;5.04;15.96;17;10;72
"Dunaire";"508-64_X";"Profond";4.85;1.2;4.56;0.51;0.03;0.12;3.85;1.97;1.42;0.07;0.03;0.02;0;2.09;5.54;17;14;69
"Dunaire";"508-64_X";"Intermediaire";4.8;1.58;7.02;0.95;0.06;0.11;1.42;2.84;2.18;0.14;0.16;0.09;0.07;3.31;13.94;17;10;72
